顶点列表:
-4411.373,4599.008;-6426.827,6614.461;-6403.783,6636.859;-6373.517,6666.137;-6343.247,6695.001;-6312.697,6723.999;-6282.073,6752.654;-6251.315,6781.297;-6220.410,6809.807;-6189.439,6837.968;-6158.181,6866.262;-6126.929,6894.275;-6095.533,6922.151;-6063.997,6950.018;-6032.390,6977.550;-6000.572,7005.003;-5968.612,7032.449;-5936.660,7059.482;-5904.411,7086.651;-5872.178,7113.405;-5839.724,7140.214;-5807.279,7166.747;-5774.609,7193.220;-5741.883,7219.471;-5708.930,7245.664;-5675.922,7271.634;-5642.842,7297.518;-5609.609,7323.163;-5576.247,7348.766;-5542.813,7374.051;-5509.160,7399.379;-5475.521,7424.432;-5441.731,7449.351;-5407.799,7474.130;-5373.726,7498.769;-5339.596,7523.188;-5305.306,7547.599;-5270.958,7571.691;-5236.470,7595.741;-5201.911,7619.482;-5167.127,7643.259;-5132.365,7666.761;-5097.447,7690.133;-5062.474,7713.284;-5027.338,7736.426;-4992.145,7759.254;-4956.814,7782.032;-4921.409,7804.511;-4885.779,7827.017;-4850.173,7849.253;-4814.499,7871.276;-4778.574,7893.253;-4742.707,7914.913;-4706.563,7936.656;-4670.557,7958.034;-4634.286,7979.261;-4597.900,8000.416;-4561.522,8021.313;-4524.982,8042.081;-4488.384,8062.743;-4451.712,8083.115;-4414.904,8103.422;-4378.011,8123.559;-4341.072,8143.470;-4303.968,8163.253;-4266.816,8182.813;-4229.596,8202.162;-4192.201,8221.494;-4154.839,8240.562;-4117.311,8259.499;-4079.737,8278.217;-4041.998,8296.805;-4004.206,8315.277;-3966.423,8333.500;-3890.468,8369.432;-3852.384,8387.139;-3814.281,8404.573;-3775.966,8422.001;-3737.590,8439.252;-3699.276,8456.194;-3660.759,8473.023;-3622.194,8489.732;-3583.535,8506.279;-3544.839,8522.602;-3506.072,8538.713;-3467.236,8554.612;-3428.213,8570.489;-3389.235,8586.108;-3350.187,8601.516;-3311.070,8616.712;-3271.765,8631.884;-3232.613,8646.714;-3193.248,8661.431;-3153.848,8675.925;-3114.261,8690.390;-3074.828,8704.517;-3035.179,8718.532;-2995.489,8732.420;-2955.819,8745.970;-2915.987,8759.435;-2876.045,8772.843;-2836.275,8785.817;-2796.191,8798.802;-2756.271,8811.452;-2716.117,8824.083;-2676.023,8836.370;-2635.770,8848.566;-2595.517,8860.621;-2555.160,8872.523;-2514.890,8884.118;-2474.505,8895.515;-2433.926,8906.878;-2393.518,8917.909;-2352.876,8928.827;-2312.325,8939.438;-2271.535,8950.023;-2230.789,8960.457;-2190.172,8970.575;-2149.317,8980.578;-2108.439,8990.357;-2067.602,8999.931;-2026.604,9009.371;-1985.579,9018.675;-1903.464,9036.562;-1862.496,9045.203;-1821.286,9053.727;-1780.178,9061.948;-1738.940,9070.054;-1697.588,9078.014;-1656.332,9085.759;-1615.032,9093.286;-1573.655,9100.687;-1532.283,9107.864;-1490.842,9114.828;-1449.449,9121.586;-1407.880,9128.208;-1366.418,9134.614;-1324.780,9140.884;-1283.248,9146.937;-1241.664,9152.777;-1200.005,9158.487;-1158.479,9163.895;-1116.695,9169.180;-1075.021,9174.328;-1033.370,9179.173;-991.572,9183.895;-949.773,9188.476;-907.976,9192.839;-866.239,9196.913;-824.369,9200.861;-782.501,9204.666;-740.633,9208.254;-698.825,9211.632;-656.957,9214.798;-615.017,9217.829;-573.080,9220.643;-531.202,9223.247;-489.264,9225.713;-447.324,9227.965;-405.313,9230.005;-363.368,9231.834;-321.358,9233.525;-279.482,9234.931;-260.000,9235.550;-260.000,6383.639;-260.180,6383.631;-295.203,6381.998;-330.374,6380.147;-365.479,6378.083;-400.517,6375.805;-435.468,6373.390;-470.565,6370.756;-505.601,6367.908;-540.552,6364.925;-575.520,6361.721;-610.542,6358.305;-645.367,6354.752;-680.319,6350.980;-715.358,6346.913;-750.095,6342.802;-785.107,6338.514;-819.889,6333.891;-854.607,6329.215;-889.453,6324.219;-924.303,6319.158;-959.013,6313.753;-993.541,6308.293;-1028.271,6302.601;-1062.822,6296.771;-1097.502,6290.636;-1132.023,6284.386;-1166.569,6277.905;-1201.019,6271.299;-1235.492,6264.463;-1270.075,6257.460;-1338.583,6242.851;-1372.939,6235.211;-1407.236,6227.383;-1441.340,6219.514;-1475.531,6211.394;-1509.778,6202.976;-1543.769,6194.443;-1577.847,6185.693;-1611.768,6176.804;-1645.648,6167.785;-1679.555,6158.525;-1713.513,6148.966;-1747.222,6139.296;-1780.889,6129.494;-1814.582,6119.451;-1848.175,6109.296;-1881.674,6098.983;-1915.274,6088.355;-1948.752,6077.529;-1982.013,6066.679;-2015.348,6055.567;-2048.732,6044.155;-2081.877,6032.633;-2114.856,6021.073;-2148.024,6009.163;-2181.048,5997.161;-2214.010,5984.890;-2246.819,5972.534;-2279.657,5959.927;-2312.308,5947.195;-2345.019,5934.252;-2377.598,5921.165;-2410.150,5907.846;-2442.521,5894.400;-2474.969,5880.637;-2507.170,5866.878;-2539.436,5852.847;-2571.521,5838.690;-2603.575,5824.302;-2635.529,5809.816;-2667.510,5795.074;-2699.312,5780.205;-2731.079,5765.105;-2762.670,5749.880;-2794.196,5734.544;-2825.777,5718.826;-2857.057,5703.151;-2888.396,5687.198;-2919.663,5671.031;-2950.732,5654.859;-2981.782,5638.370;-3012.766,5621.742;-3043.549,5605.036;-3074.416,5587.999;-3105.084,5570.852;-3135.586,5553.686;-3166.165,5536.112;-3196.454,5518.592;-3226.795,5500.787;-3256.992,5482.727;-3286.996,5464.753;-3317.052,5446.407;-3346.963,5427.891;-3376.684,5409.378;-3406.477,5390.446;-3435.986,5371.578;-3465.449,5352.507;-3494.861,5333.208;-3524.110,5313.780;-3553.306,5294.127;-3582.254,5274.426;-3611.232,5254.539;-3640.060,5234.419;-3668.737,5214.260;-3697.346,5193.907;-3725.901,5173.328;-3754.296,5152.621;-3782.552,5131.766;-3810.664,5110.773;-3838.720,5089.554;-3866.599,5068.343;-3894.446,5046.782;-3922.124,5025.207;-3949.757,5003.288;-3977.061,4981.516;-4004.481,4959.367;-4031.660,4937.170;-4058.706,4914.822;-4085.690,4892.253;-4112.522,4869.551;-4139.197,4846.848;-4165.832,4823.787;-4192.223,4800.800;-4218.648,4777.376;-4244.750,4754.112;-4270.876,4730.549;-4296.780,4706.924;-4322.634,4682.928;-4348.244,4659.022;-4373.797,4634.894;-4399.195,4610.773
短控制列表:
0,0,0,0,0,0,0,0,0,0,0,0,0,0,0,0,0,0,0,0,0,0,0,0,0,0,0,0,0,0,0,0,0,0,0,0,0,0,0,0,0,0,0,0,0,0,0,0,0,0,0,0,0,0,0,0,0,0,0,0,0,0,0,0,0,0,0,0,0,0,0,0,0,0,0,0,0,0,0,0,0,0,0,0,0,0,0,0,0,0,0,0,0,0,0,0,0,0,0,0,0,0,0,0,0,0,0,0,0,0,0,0,0,0,0,0,0,0,0,0,0,0,0,0,0,0,0,0,0,0,0,10,10,0,0,0,0,0,0,0,0,0,0,0,0,0,0,0,0,0,0,0,0,0,0,0,0,0,0,0,0,0,0,0,0,0,0,0,0,0,0,0,0,0,0,0,0,0,0,0,0,0,0,0,0,0,0,0,0,0,0,0,0,0,0,0,0,0,0,0,0,0,0,0,0,0,0,0,0,0,0,0,0,0,0,0,0,0,0,0,0,0,0,0,0,0,0,0,0,0,0,0,0,0,0,0,0,0,0,0,0,0,0,0,0,0,0,0,0,0,0,0,0,0,0,0,0,0,0,0,0,0,0,0,0,0,0,0,0,0,0,0,0,0,0,0,0,0,0,0,0,0,0,0,0,0,0,0,0,0,0,0,0,0,10,10
短控制列表2:
0,0,0,0,0,0,0,0,0,0,0,0,0,0,0,0,0,0,0,0,0,0,0,0,0,0,0,0,0,0,0,0,0,0,0,0,0,0,0,0,0,0,0,0,0,0,0,0,0,0,0,0,0,0,0,0,0,0,0,0,0,0,0,0,0,0,0,0,0,0,0,0,0,0,0,0,0,0,0,0,0,0,0,0,0,0,0,0,0,0,0,0,0,0,0,0,0,0,0,0,0,0,0,0,0,0,0,0,0,0,0,0,0,0,0,0,0,0,0,0,0,0,0,0,0,0,0,0,0,0,0,45,45,0,0,0,0,0,0,0,0,0,0,0,0,0,0,0,0,0,0,0,0,0,0,0,0,0,0,0,0,0,0,0,0,0,0,0,0,0,0,0,0,0,0,0,0,0,0,0,0,0,0,0,0,0,0,0,0,0,0,0,0,0,0,0,0,0,0,0,0,0,0,0,0,0,0,0,0,0,0,0,0,0,0,0,0,0,0,0,0,0,0,0,0,0,0,0,0,0,0,0,0,0,0,0,0,0,0,0,0,0,0,0,0,0,0,0,0,0,0,0,0,0,0,0,0,0,0,0,0,0,0,0,0,0,0,0,0,0,0,0,0,0,0,0,0,0,0,0,0,0,0,0,0,0,0,0,0,0,0,0,0,0,45,45
短控制列表3:
0,0,0,0,0,0,0,0,0,0,0,0,0,0,0,0,0,0,0,0,0,0,0,0,0,0,0,0,0,0,0,0,0,0,0,0,0,0,0,0,0,0,0,0,0,0,0,0,0,0,0,0,0,0,0,0,0,0,0,0,0,0,0,0,0,0,0,0,0,0,0,0,0,0,0,0,0,0,0,0,0,0,0,0,0,0,0,0,0,0,0,0,0,0,0,0,0,0,0,0,0,0,0,0,0,0,0,0,0,0,0,0,0,0,0,0,0,0,0,0,0,0,0,0,0,0,0,0,0,0,0,10,10,0,0,0,0,0,0,0,0,0,0,0,0,0,0,0,0,0,0,0,0,0,0,0,0,0,0,0,0,0,0,0,0,0,0,0,0,0,0,0,0,0,0,0,0,0,0,0,0,0,0,0,0,0,0,0,0,0,0,0,0,0,0,0,0,0,0,0,0,0,0,0,0,0,0,0,0,0,0,0,0,0,0,0,0,0,0,0,0,0,0,0,0,0,0,0,0,0,0,0,0,0,0,0,0,0,0,0,0,0,0,0,0,0,0,0,0,0,0,0,0,0,0,0,0,0,0,0,0,0,0,0,0,0,0,0,0,0,0,0,0,0,0,0,0,0,0,0,0,0,0,0,0,0,0,0,0,0,0,0,0,0,10,10
短控制列表4:
0,0,0,0,0,0,0,0,0,0,0,0,0,0,0,0,0,0,0,0,0,0,0,0,0,0,0,0,0,0,0,0,0,0,0,0,0,0,0,0,0,0,0,0,0,0,0,0,0,0,0,0,0,0,0,0,0,0,0,0,0,0,0,0,0,0,0,0,0,0,0,0,0,0,0,0,0,0,0,0,0,0,0,0,0,0,0,0,0,0,0,0,0,0,0,0,0,0,0,0,0,0,0,0,0,0,0,0,0,0,0,0,0,0,0,0,0,0,0,0,0,0,0,0,0,0,0,0,0,0,0,65,65,0,0,0,0,0,0,0,0,0,0,0,0,0,0,0,0,0,0,0,0,0,0,0,0,0,0,0,0,0,0,0,0,0,0,0,0,0,0,0,0,0,0,0,0,0,0,0,0,0,0,0,0,0,0,0,0,0,0,0,0,0,0,0,0,0,0,0,0,0,0,0,0,0,0,0,0,0,0,0,0,0,0,0,0,0,0,0,0,0,0,0,0,0,0,0,0,0,0,0,0,0,0,0,0,0,0,0,0,0,0,0,0,0,0,0,0,0,0,0,0,0,0,0,0,0,0,0,0,0,0,0,0,0,0,0,0,0,0,0,0,0,0,0,0,0,0,0,0,0,0,0,0,0,0,0,0,0,0,0,0,0,65,65
加长控制列表:
0,0,0,0,0,0,0,0,0,0,0,0,0,0,0,0,0,0,0,0,0,0,0,0,0,0,0,0,0,0,0,0,0,0,0,0,0,0,0,0,0,0,0,0,0,0,0,0,0,0,0,0,0,0,0,0,0,0,0,0,0,0,0,0,0,0,0,0,0,0,0,0,0,0,0,0,0,0,0,0,0,0,0,0,0,0,0,0,0,0,0,0,0,0,0,0,0,0,0,0,0,0,0,0,0,0,0,0,0,0,0,0,0,0,0,0,0,0,0,0,0,0,0,0,0,0,0,0,0,0,0,0,0,0,0,0,0,0,0,0,0,0,0,0,0,0,0,0,0,0,0,0,0,0,0,0,0,0,0,0,0,0,0,0,0,0,0,0,0,0,0,0,0,0,0,0,0,0,0,0,0,0,0,0,0,0,0,0,0,0,0,0,0,0,0,0,0,0,0,0,0,0,0,0,0,0,0,0,0,0,0,0,0,0,0,0,0,0,0,0,0,0,0,0,0,0,0,0,0,0,0,0,0,0,0,0,0,0,0,0,0,0,0,0,0,0,0,0,0,0,0,0,0,0,0,0,0,0,0,0,0,0,0,0,0,0,0,0,0,0,0,0,0,0,0,0,0,0,0,0,0,0,0,0,0,0,0,0,0,0,0,0,0,0,0,0,0,0,0,0,0,0,0,0,0,0,0,0,0,0,0,0,0,0,0,0,0,0,0,0,0,0,0,0,0,0,0,0,0,0,0,0,0,0,0,0,0,0,0,0,0,0,0,0,0,0,0,0,0,0,0,0,0,0,0,0,0,0,0,0,0,0,0,0,0,0,0,0,0,0,0,0,0,0,0,0,0,0,0,0,0,0,0,0,0,0,0,0,0,0,0,0,0,0,0,0,0,0,0,0,0,0,0,0,0,0,0,0,0,0,0,0,0,0,0,0,0,0,0,0,0,0,0,0,0,0,0,65,65,0,0,0,0,0,0,0,0,0,0,0,0,0,0,0,0,0,0,0,0,0,0,0,0,0,0,0,0,0,0,0,0,0,0,0,0,0,0,0,0,0,0,0,0,0,0,0,0,0,0,0,0,0,0,0,0,0,0,0,0,0,0,0,0,0,0,0,0,0,0,0,0,0,0,0,0,0,0,0,0,0,0,0,0,0,0,0,0,0,0,0,0,0,0,0,0,0,0,0,0,0,0,0,0,0,0,0,0,0,0,0,0,0,0,0,0,0,0,0,0,0,0,0,0,0,0,0,0,0,0,0,0,0,0,0,0,0,0,0,0,0,0,0,0,0,0,0,0,0,0,0,0,0,0,0,0,0,0,0,0,0,65,65
