顶点列表:
-6624.829,6812.463;-8633.138,8820.772;-8628.452,8825.382;-8593.710,8859.277;-8558.765,8893.233;-8523.800,8926.790;-8488.574,8960.464;-8453.328,8993.738;-8417.891,9027.057;-8382.300,9060.252;-8346.632,9093.105;-8310.770,9126.000;-8274.829,9158.701;-8238.747,9191.258;-8202.533,9223.801;-8166.304,9255.949;-8129.795,9288.088;-8093.158,9320.207;-8056.507,9351.933;-8019.658,9383.698;-7982.729,9415.271;-7945.652,9446.578;-7908.379,9477.922;-7871.104,9508.995;-7833.606,9540.009;-7796.049,9570.799;-7758.353,9601.578;-7720.571,9632.042;-7682.664,9662.339;-7644.536,9692.700;-7606.417,9722.786;-7568.142,9752.617;-7529.670,9782.477;-7491.198,9812.070;-7452.578,9841.528;-7413.816,9870.846;-7374.914,9900.022;-7335.956,9929.100;-7296.908,9957.874;-7257.657,9986.676;-7218.327,10015.171;-7178.876,10043.612;-7139.339,10071.872;-7099.742,10099.914;-7059.911,10127.900;-7020.033,10155.660;-6980.085,10183.208;-6939.905,10210.818;-6899.824,10237.960;-6859.432,10265.217;-6819.062,10292.201;-6778.537,10319.053;-6737.956,10345.683;-6697.219,10372.183;-6656.342,10398.541;-6615.408,10424.679;-6574.322,10450.799;-6533.248,10476.655;-6492.015,10502.267;-6450.576,10527.893;-6409.150,10553.254;-6367.654,10578.405;-6325.916,10603.618;-6284.294,10628.364;-6242.432,10653.143;-6200.495,10677.740;-6158.504,10702.006;-6116.289,10726.290;-6074.091,10750.423;-6031.800,10774.277;-5989.390,10798.058;-5946.888,10821.559;-5904.268,10844.987;-5861.556,10868.245;-5818.793,10891.282;-5775.961,10914.106;-5732.967,10936.910;-5689.900,10959.427;-5646.809,10981.783;-5603.509,11004.068;-5560.276,11026.036;-5516.859,11047.992;-5473.369,11069.666;-5429.763,11091.256;-5386.156,11112.601;-5342.478,11133.736;-5298.637,11154.739;-5254.653,11175.707;-5210.789,11196.233;-5166.665,11216.777;-5122.469,11237.147;-5078.325,11257.212;-5033.989,11277.261;-4989.580,11297.140;-4945.226,11316.610;-4900.608,11336.095;-4856.016,11355.428;-4811.325,11374.499;-4766.521,11393.479;-4721.718,11412.217;-4676.844,11430.743;-4631.800,11449.242;-4586.786,11467.387;-4541.630,11485.449;-4496.475,11503.271;-4451.149,11521.063;-4405.852,11538.505;-4360.415,11555.861;-4314.979,11572.979;-4269.472,11589.982;-4223.861,11606.733;-4178.143,11623.384;-4132.424,11639.796;-4086.636,11656.094;-4040.847,11672.155;-3994.883,11688.087;-3948.882,11703.796;-3902.812,11719.294;-3856.671,11734.674;-3810.529,11749.819;-3764.319,11764.846;-3718.106,11779.546;-3671.648,11794.231;-3625.226,11808.765;-3578.908,11822.891;-3532.309,11837.012;-3485.745,11850.889;-3439.112,11864.645;-3392.477,11878.171;-3345.772,11891.484;-3298.888,11904.669;-3252.082,11917.639;-3205.237,11930.388;-3158.212,11943.097;-3111.334,11955.485;-3064.237,11967.753;-3017.220,11979.718;-2969.983,11991.650;-2922.898,12003.351;-2875.656,12014.826;-2828.432,12026.103;-2781.048,12037.244;-2733.754,12048.168;-2686.301,12058.956;-2638.938,12069.528;-2591.414,12079.963;-2543.976,12090.098;-2496.425,12100.030;-2448.692,12109.915;-2401.117,12119.571;-2353.496,12129.010;-2305.803,12138.238;-2258.044,12147.339;-2210.281,12156.214;-2162.447,12164.880;-2114.546,12173.415;-2066.642,12181.728;-2018.789,12189.832;-1970.766,12197.801;-1922.844,12205.552;-1874.868,12213.090;-1826.827,12220.497;-1778.782,12227.682;-1730.665,12234.656;-1682.484,12241.498;-1634.421,12248.123;-1586.185,12254.610;-1538.046,12260.803;-1489.795,12266.869;-1441.536,12272.716;-1393.335,12278.354;-1344.955,12283.854;-1296.683,12289.140;-1248.355,12294.212;-1199.961,12299.150;-1151.692,12303.870;-1103.239,12308.454;-1054.891,12312.747;-1006.428,12316.909;-957.957,12320.854;-909.548,12324.587;-861.084,12328.185;-812.611,12331.567;-764.079,12334.811;-715.662,12337.766;-667.003,12340.662;-618.639,12343.192;-569.981,12345.664;-521.503,12347.917;-472.960,12349.960;-424.356,12351.865;-380.001,12353.345;-380.001,9511.422;-419.015,9509.675;-461.783,9507.544;-504.483,9505.275;-547.183,9502.863;-590.016,9500.161;-632.715,9497.248;-675.345,9494.274;-718.176,9490.926;-760.805,9487.527;-803.506,9483.904;-846.134,9480.068;-888.693,9476.096;-931.382,9471.829;-973.940,9467.431;-1016.498,9462.891;-1059.058,9458.131;-1101.674,9453.081;-1144.032,9447.981;-1186.579,9442.575;-1228.995,9437.042;-1271.409,9431.369;-1356.173,9419.302;-1398.648,9412.970;-1440.869,9406.513;-1483.198,9399.838;-1525.474,9392.946;-1567.681,9385.841;-1609.936,9378.527;-1652.014,9371.160;-1694.150,9363.557;-1736.338,9355.661;-1778.397,9347.647;-1820.340,9339.486;-1862.386,9331.020;-1904.303,9322.438;-1946.220,9313.715;-1988.149,9304.675;-2029.925,9295.526;-2071.580,9286.317;-2113.411,9276.784;-2155.240,9266.968;-2196.824,9257.122;-2238.464,9247.032;-2280.033,9236.729;-2321.525,9226.303;-2363.021,9215.646;-2404.449,9204.774;-2445.797,9193.781;-2487.037,9182.637;-2528.366,9171.185;-2569.573,9159.625;-2610.786,9147.830;-2651.807,9135.998;-2693.001,9123.742;-2733.881,9111.485;-2774.915,9098.990;-2815.811,9086.260;-2856.592,9073.423;-2897.379,9060.349;-2938.087,9047.158;-2978.804,9033.729;-3019.449,9020.086;-3059.913,9006.314;-3100.447,8992.330;-3140.841,8978.204;-3181.203,8963.849;-3221.484,8949.383;-3261.674,8934.659;-3301.851,8919.753;-3341.892,8904.702;-3381.888,8889.526;-3421.894,8874.108;-3461.722,8858.561;-3501.622,8842.701;-3541.309,8826.727;-3580.950,8810.630;-3620.496,8794.371;-3660.109,8777.801;-3699.503,8761.222;-3738.846,8744.362;-3778.165,8727.329;-3817.357,8710.147;-3856.509,8692.739;-3895.481,8675.308;-3934.592,8657.532;-4012.189,8621.642;-4050.995,8603.343;-4089.649,8584.870;-4128.225,8566.291;-4166.709,8547.547;-4205.150,8528.575;-4243.422,8509.475;-4281.650,8490.149;-4319.798,8470.720;-4357.858,8451.123;-4395.776,8431.383;-4433.743,8411.334;-4471.521,8391.166;-4509.155,8370.859;-4546.734,8350.439;-4584.321,8329.763;-4621.744,8308.958;-4659.025,8288.010;-4696.256,8266.836;-4733.416,8245.450;-4770.406,8224.051;-4807.340,8202.347;-4844.138,8180.581;-4880.942,8158.556;-4917.584,8136.400;-4954.085,8114.103;-4990.528,8091.698;-5026.982,8068.916;-5063.104,8046.250;-5099.356,8023.221;-5135.344,8000.152;-5171.294,7976.849;-5207.086,7953.415;-5242.823,7929.756;-5278.402,7905.966;-5313.920,7882.075;-5349.362,7857.879;-5384.582,7833.714;-5419.820,7809.276;-5454.818,7784.784;-5489.856,7759.982;-5524.643,7735.134;-5559.383,7710.057;-5593.965,7684.970;-5628.566,7659.484;-5662.935,7634.043;-5697.241,7608.280;-5731.327,7582.556;-5765.346,7556.633;-5799.303,7530.492;-5833.109,7504.215;-5866.852,7477.719;-5900.365,7451.164;-5933.822,7424.513;-5967.204,7397.537;-6000.368,7370.609;-6033.466,7343.349;-6066.425,7316.060;-6099.308,7288.576;-6131.971,7261.026;-6164.576,7233.252;-6197.109,7205.265;-6229.419,7177.217;-6261.592,7149.021;-6293.699,7120.742;-6325.728,7092.131;-6357.473,7063.646;-6389.223,7034.744;-6420.758,7005.902;-6452.221,6976.856;-6483.542,6947.664;-6514.793,6918.261;-6545.828,6888.789;-6576.722,6859.173;-6607.476,6829.415
短控制列表:
0,0,0,0,0,0,0,0,0,0,0,0,0,0,0,0,0,0,0,0,0,0,0,0,0,0,0,0,0,0,0,0,0,0,0,0,0,0,0,0,0,0,0,0,0,0,0,0,0,0,0,0,0,0,0,0,0,0,0,0,0,0,0,0,0,0,0,0,0,0,0,0,0,0,0,0,0,0,0,0,0,0,0,0,0,0,0,0,0,0,0,0,0,0,0,0,0,0,0,0,0,0,0,0,0,0,0,0,0,0,0,0,0,0,0,0,0,0,0,0,0,0,0,0,0,0,0,0,0,0,0,0,0,0,0,0,0,0,0,0,0,0,0,0,0,0,0,0,0,0,0,0,0,0,0,0,0,0,0,0,10,10,0,0,0,0,0,0,0,0,0,0,0,0,0,0,0,0,0,0,0,0,0,0,0,0,0,0,0,0,0,0,0,0,0,0,0,0,0,0,0,0,0,0,0,0,0,0,0,0,0,0,0,0,0,0,0,0,0,0,0,0,0,0,0,0,0,0,0,0,0,0,0,0,0,0,0,0,0,0,0,0,0,0,0,0,0,0,0,0,0,0,0,0,0,0,0,0,0,0,0,0,0,0,0,0,0,0,0,0,0,0,0,0,0,0,0,0,0,0,0,0,0,0,0,0,0,0,0,0,0,0,0,0,0,0,0,0,0,0,0,0,0,0,0,0,0,0,0,0,0,0,0,0,0,0,0,0,0,0,0,0,0,0,0,0,0,0,0,0,0,0,0,0,0,0,0,0,0,0,0,0,0,0,0,0,0,0,0,0,0,10,10
短控制列表2:
0,0,0,0,0,0,0,0,0,0,0,0,0,0,0,0,0,0,0,0,0,0,0,0,0,0,0,0,0,0,0,0,0,0,0,0,0,0,0,0,0,0,0,0,0,0,0,0,0,0,0,0,0,0,0,0,0,0,0,0,0,0,0,0,0,0,0,0,0,0,0,0,0,0,0,0,0,0,0,0,0,0,0,0,0,0,0,0,0,0,0,0,0,0,0,0,0,0,0,0,0,0,0,0,0,0,0,0,0,0,0,0,0,0,0,0,0,0,0,0,0,0,0,0,0,0,0,0,0,0,0,0,0,0,0,0,0,0,0,0,0,0,0,0,0,0,0,0,0,0,0,0,0,0,0,0,0,0,0,0,45,45,0,0,0,0,0,0,0,0,0,0,0,0,0,0,0,0,0,0,0,0,0,0,0,0,0,0,0,0,0,0,0,0,0,0,0,0,0,0,0,0,0,0,0,0,0,0,0,0,0,0,0,0,0,0,0,0,0,0,0,0,0,0,0,0,0,0,0,0,0,0,0,0,0,0,0,0,0,0,0,0,0,0,0,0,0,0,0,0,0,0,0,0,0,0,0,0,0,0,0,0,0,0,0,0,0,0,0,0,0,0,0,0,0,0,0,0,0,0,0,0,0,0,0,0,0,0,0,0,0,0,0,0,0,0,0,0,0,0,0,0,0,0,0,0,0,0,0,0,0,0,0,0,0,0,0,0,0,0,0,0,0,0,0,0,0,0,0,0,0,0,0,0,0,0,0,0,0,0,0,0,0,0,0,0,0,0,0,0,0,45,45
短控制列表3:
0,0,0,0,0,0,0,0,0,0,0,0,0,0,0,0,0,0,0,0,0,0,0,0,0,0,0,0,0,0,0,0,0,0,0,0,0,0,0,0,0,0,0,0,0,0,0,0,0,0,0,0,0,0,0,0,0,0,0,0,0,0,0,0,0,0,0,0,0,0,0,0,0,0,0,0,0,0,0,0,0,0,0,0,0,0,0,0,0,0,0,0,0,0,0,0,0,0,0,0,0,0,0,0,0,0,0,0,0,0,0,0,0,0,0,0,0,0,0,0,0,0,0,0,0,0,0,0,0,0,0,0,0,0,0,0,0,0,0,0,0,0,0,0,0,0,0,0,0,0,0,0,0,0,0,0,0,0,0,0,10,10,0,0,0,0,0,0,0,0,0,0,0,0,0,0,0,0,0,0,0,0,0,0,0,0,0,0,0,0,0,0,0,0,0,0,0,0,0,0,0,0,0,0,0,0,0,0,0,0,0,0,0,0,0,0,0,0,0,0,0,0,0,0,0,0,0,0,0,0,0,0,0,0,0,0,0,0,0,0,0,0,0,0,0,0,0,0,0,0,0,0,0,0,0,0,0,0,0,0,0,0,0,0,0,0,0,0,0,0,0,0,0,0,0,0,0,0,0,0,0,0,0,0,0,0,0,0,0,0,0,0,0,0,0,0,0,0,0,0,0,0,0,0,0,0,0,0,0,0,0,0,0,0,0,0,0,0,0,0,0,0,0,0,0,0,0,0,0,0,0,0,0,0,0,0,0,0,0,0,0,0,0,0,0,0,0,0,0,0,0,10,10
短控制列表4:
0,0,0,0,0,0,0,0,0,0,0,0,0,0,0,0,0,0,0,0,0,0,0,0,0,0,0,0,0,0,0,0,0,0,0,0,0,0,0,0,0,0,0,0,0,0,0,0,0,0,0,0,0,0,0,0,0,0,0,0,0,0,0,0,0,0,0,0,0,0,0,0,0,0,0,0,0,0,0,0,0,0,0,0,0,0,0,0,0,0,0,0,0,0,0,0,0,0,0,0,0,0,0,0,0,0,0,0,0,0,0,0,0,0,0,0,0,0,0,0,0,0,0,0,0,0,0,0,0,0,0,0,0,0,0,0,0,0,0,0,0,0,0,0,0,0,0,0,0,0,0,0,0,0,0,0,0,0,0,0,65,65,0,0,0,0,0,0,0,0,0,0,0,0,0,0,0,0,0,0,0,0,0,0,0,0,0,0,0,0,0,0,0,0,0,0,0,0,0,0,0,0,0,0,0,0,0,0,0,0,0,0,0,0,0,0,0,0,0,0,0,0,0,0,0,0,0,0,0,0,0,0,0,0,0,0,0,0,0,0,0,0,0,0,0,0,0,0,0,0,0,0,0,0,0,0,0,0,0,0,0,0,0,0,0,0,0,0,0,0,0,0,0,0,0,0,0,0,0,0,0,0,0,0,0,0,0,0,0,0,0,0,0,0,0,0,0,0,0,0,0,0,0,0,0,0,0,0,0,0,0,0,0,0,0,0,0,0,0,0,0,0,0,0,0,0,0,0,0,0,0,0,0,0,0,0,0,0,0,0,0,0,0,0,0,0,0,0,0,0,0,65,65
加长控制列表:
0,0,0,0,0,0,0,0,0,0,0,0,0,0,0,0,0,0,0,0,0,0,0,0,0,0,0,0,0,0,0,0,0,0,0,0,0,0,0,0,0,0,0,0,0,0,0,0,0,0,0,0,0,0,0,0,0,0,0,0,0,0,0,0,0,0,0,0,0,0,0,0,0,0,0,0,0,0,0,0,0,0,0,0,0,0,0,0,0,0,0,0,0,0,0,0,0,0,0,0,0,0,0,0,0,0,0,0,0,0,0,0,0,0,0,0,0,0,0,0,0,0,0,0,0,0,0,0,0,0,0,0,0,0,0,0,0,0,0,0,0,0,0,0,0,0,0,0,0,0,0,0,0,0,0,0,0,0,0,0,0,0,0,0,0,0,0,0,0,0,0,0,0,0,0,0,0,0,0,0,0,0,0,0,0,0,0,0,0,0,0,0,0,0,0,0,0,0,0,0,0,0,0,0,0,0,0,0,0,0,0,0,0,0,0,0,0,0,0,0,0,0,0,0,0,0,0,0,0,0,0,0,0,0,0,0,0,0,0,0,0,0,0,0,0,0,0,0,0,0,0,0,0,0,0,0,0,0,0,0,0,0,0,0,0,0,0,0,0,0,0,0,0,0,0,0,0,0,0,0,0,0,0,0,0,0,0,0,0,0,0,0,0,0,0,0,0,0,0,0,0,0,0,0,0,0,0,0,0,0,0,0,0,0,0,0,0,0,0,0,0,0,0,0,0,0,0,0,0,0,0,0,0,0,0,0,0,0,0,0,0,0,0,0,0,0,0,0,0,0,0,0,0,0,0,0,0,0,0,0,0,0,0,0,0,0,0,0,0,0,0,0,0,0,0,0,0,0,0,0,0,0,0,0,0,0,0,0,0,0,0,0,0,0,0,0,0,0,0,0,0,0,0,0,0,0,0,0,0,0,0,0,0,0,0,0,0,0,0,0,0,0,0,0,0,0,0,0,0,0,0,0,0,0,0,0,0,0,0,0,0,0,0,0,0,0,0,0,0,0,0,0,0,0,0,0,0,0,0,0,0,0,0,0,0,0,0,0,0,0,0,0,0,0,0,0,0,0,0,0,0,0,0,0,0,0,0,0,0,0,0,0,0,0,0,0,0,0,0,0,0,0,0,0,0,0,0,0,0,0,0,0,0,65,65,0,0,0,0,0,0,0,0,0,0,0,0,0,0,0,0,0,0,0,0,0,0,0,0,0,0,0,0,0,0,0,0,0,0,0,0,0,0,0,0,0,0,0,0,0,0,0,0,0,0,0,0,0,0,0,0,0,0,0,0,0,0,0,0,0,0,0,0,0,0,0,0,0,0,0,0,0,0,0,0,0,0,0,0,0,0,0,0,0,0,0,0,0,0,0,0,0,0,0,0,0,0,0,0,0,0,0,0,0,0,0,0,0,0,0,0,0,0,0,0,0,0,0,0,0,0,0,0,0,0,0,0,0,0,0,0,0,0,0,0,0,0,0,0,0,0,0,0,0,0,0,0,0,0,0,0,0,0,0,0,0,0,0,0,0,0,0,0,0,0,0,0,0,0,0,0,0,0,0,0,0,0,0,0,0,0,0,0,0,65,65
