顶点列表:
-15463.957,15651.591;-17048.094,17235.728;-15230.828,19052.992;-15623.367,19445.529;-15618.258,19449.645;-15564.275,19493.029;-15510.250,19536.052;-15456.059,19579.077;-15401.747,19621.822;-15347.274,19664.567;-15292.782,19707.060;-15238.142,19749.415;-15183.361,19791.630;-15128.516,19833.629;-15073.447,19875.566;-15018.343,19917.388;-14963.114,19958.934;-14907.775,20000.296;-14852.313,20041.628;-14796.755,20082.783;-14741.057,20123.799;-14685.217,20164.673;-14629.313,20205.329;-14573.261,20245.850;-14517.145,20286.155;-14460.882,20326.322;-14404.501,20366.453;-14348.002,20406.305;-14291.417,20446.077;-14234.729,20485.681;-14177.979,20525.067;-14121.001,20564.393;-14063.969,20603.497;-14006.867,20642.389;-13949.638,20681.248;-13892.291,20719.830;-13834.859,20758.331;-13777.301,20796.561;-13719.578,20834.784;-13661.840,20872.759;-13603.952,20910.597;-13545.923,20948.295;-13487.856,20985.875;-13429.662,21023.190;-13371.384,21060.418;-13312.978,21097.379;-13254.488,21134.253;-13195.893,21170.963;-13137.158,21207.531;-13078.363,21243.881;-13019.438,21280.197;-12960.479,21316.163;-12901.341,21352.126;-12842.194,21387.841;-12782.870,21423.321;-12723.463,21458.711;-12663.972,21494.039;-12604.366,21529.096;-12544.654,21563.964;-12484.894,21598.718;-12425.028,21633.310;-12365.020,21667.762;-12304.955,21701.992;-12244.820,21736.013;-12184.530,21769.899;-12124.205,21803.665;-12063.752,21837.170;-12003.130,21870.661;-11942.501,21903.905;-11881.802,21936.935;-11820.969,21969.931;-11760.106,22002.583;-11699.060,22035.226;-11637.987,22067.525;-11576.815,22099.736;-11515.536,22131.788;-11454.137,22163.794;-11392.797,22195.380;-11331.170,22227.042;-11269.640,22258.371;-11207.936,22289.575;-11146.092,22320.639;-11084.192,22351.482;-11022.245,22382.209;-10960.254,22412.604;-10898.078,22442.986;-10835.809,22473.202;-10773.575,22503.119;-10711.098,22533.085;-10648.701,22562.626;-10586.101,22592.160;-10523.497,22621.450;-10460.844,22650.623;-10398.059,22679.546;-10335.194,22708.365;-10272.197,22736.935;-10209.120,22765.401;-10146.043,22793.725;-10082.924,22821.723;-10019.616,22849.703;-9956.307,22877.440;-9892.836,22905.045;-9829.405,22932.351;-9765.793,22959.532;-9702.152,22986.585;-9638.398,23013.484;-9574.595,23040.162;-9510.742,23066.720;-9446.847,23092.956;-9382.762,23119.168;-9318.766,23145.062;-9254.519,23171.002;-9190.363,23196.523;-9126.086,23221.951;-9061.697,23247.227;-8997.258,23272.282;-8932.678,23297.294;-8868.190,23321.988;-8803.518,23346.559;-8738.797,23370.908;-8674.006,23395.046;-8609.165,23419.060;-8544.209,23442.925;-8479.321,23466.578;-8414.273,23490.001;-8349.150,23513.308;-8284.006,23536.388;-8218.697,23559.335;-8153.457,23582.069;-8088.077,23604.663;-8022.650,23627.036;-7957.174,23649.285;-7891.656,23671.218;-7825.944,23693.122;-7760.352,23714.797;-7694.597,23736.245;-7628.768,23757.576;-7562.917,23778.679;-7497.019,23799.657;-7431.098,23820.407;-7365.108,23840.944;-7299.045,23861.271;-7232.838,23881.550;-7166.732,23901.515;-7100.431,23921.356;-7034.207,23940.983;-6967.813,23960.386;-6901.372,23979.753;-6834.936,23998.794;-6768.401,24017.724;-6701.846,24036.427;-6635.241,24055.002;-6568.614,24073.353;-6501.819,24091.569;-6435.101,24109.573;-6301.348,24145.023;-6234.515,24162.365;-6167.558,24179.600;-6100.479,24196.687;-6033.481,24213.559;-5966.330,24230.294;-5899.239,24246.731;-5831.970,24263.124;-5764.808,24279.209;-5697.445,24295.167;-5630.165,24310.910;-5562.732,24326.515;-5495.381,24341.905;-5427.877,24357.158;-5360.433,24372.114;-5292.912,24386.945;-5225.266,24401.633;-5157.681,24416.024;-5090.019,24430.291;-5022.332,24444.336;-4954.599,24458.250;-4886.843,24471.941;-4819.015,24485.422;-4751.141,24498.772;-4683.244,24511.899;-4615.299,24524.894;-4547.329,24537.669;-4479.393,24550.156;-4411.275,24562.592;-4343.292,24574.805;-4275.125,24586.801;-4207.026,24598.669;-4138.892,24610.236;-4070.664,24621.678;-4002.437,24632.979;-3934.186,24644.059;-3865.968,24654.852;-3797.566,24665.593;-3729.278,24676.033;-3660.805,24686.422;-3592.447,24696.509;-3524.007,24706.467;-3455.649,24716.132;-3430.000,24719.698;-3430.000,24230.000;-860.000,24230.000;-860.000,22002.207;-902.003,22000.512;-967.045,21997.678;-1032.018,21994.632;-1097.059,21991.373;-1162.059,21987.974;-1227.032,21984.361;-1291.961,21980.608;-1356.977,21976.567;-1421.904,21972.389;-1486.808,21967.997;-1551.666,21963.466;-1616.635,21958.719;-1681.538,21953.760;-1746.397,21948.661;-1811.230,21943.347;-1876.127,21937.822;-1940.960,21932.082;-2005.748,21926.205;-2070.510,21920.112;-2135.336,21913.807;-2200.099,21907.288;-2264.815,21900.633;-2329.508,21893.760;-2394.153,21886.750;-2458.883,21879.448;-2523.528,21872.013;-2588.150,21864.361;-2652.724,21856.572;-2717.297,21848.643;-2781.935,21840.342;-2846.461,21831.993;-2910.990,21823.342;-2975.444,21814.640;-3039.903,21805.635;-3104.264,21796.501;-3168.733,21787.150;-3233.036,21777.660;-3297.434,21767.954;-3361.773,21758.035;-3426.042,21747.902;-3490.261,21737.635;-3554.565,21727.072;-3618.678,21716.458;-3682.912,21705.539;-3746.954,21694.571;-3811.117,21683.299;-3875.195,21671.900;-3939.251,21660.279;-4003.237,21648.446;-4067.173,21636.479;-4131.192,21624.215;-4195.003,21611.821;-4258.798,21599.289;-4322.696,21586.538;-4386.435,21573.648;-4450.242,21560.462;-4513.842,21547.147;-4577.526,21533.618;-4641.179,21519.952;-4704.811,21506.064;-4768.269,21492.041;-4831.792,21477.721;-4895.232,21463.277;-4958.651,21448.609;-5022.020,21433.811;-5085.368,21418.790;-5148.647,21403.555;-5211.874,21388.190;-5274.979,21372.680;-5338.166,21356.954;-5401.283,21340.927;-5464.316,21324.868;-5527.363,21308.486;-5590.306,21291.989;-5653.129,21275.345;-5716.031,21258.486;-5841.515,21224.213;-5904.307,21206.689;-5966.967,21189.059;-6029.508,21171.281;-6092.025,21153.369;-6154.624,21135.149;-6217.024,21116.805;-6279.382,21098.240;-6341.687,21079.548;-6403.974,21060.628;-6466.189,21041.496;-6528.353,21022.239;-6590.497,21002.753;-6652.473,20983.133;-6714.522,20963.300;-6776.427,20943.325;-6838.288,20923.131;-6900.079,20902.723;-6961.817,20882.191;-7023.536,20861.429;-7085.089,20840.534;-7146.711,20819.427;-7208.192,20798.178;-7269.628,20776.707;-7330.995,20755.024;-7392.306,20733.219;-7514.677,20689.029;-7575.811,20666.619;-7636.840,20644.105;-7697.852,20621.358;-7758.791,20598.400;-7819.566,20575.308;-7880.406,20552.007;-7941.111,20528.560;-8001.673,20504.974;-8062.300,20481.176;-8122.774,20457.143;-8183.165,20433.001;-8243.538,20408.625;-8303.858,20384.129;-8364.049,20359.386;-8424.157,20334.537;-8484.247,20309.452;-8544.265,20284.156;-8604.140,20258.818;-8663.997,20233.145;-8723.659,20207.455;-8783.415,20181.440;-8843.006,20155.396;-8902.581,20129.013;-8961.960,20102.615;-9021.341,20075.972;-9080.650,20049.117;-9139.907,20022.143;-9199.037,19994.918;-9258.082,19967.591;-9317.018,19940.106;-9375.903,19912.400;-9434.734,19884.577;-9493.440,19856.500;-9552.148,19828.245;-9610.642,19799.918;-9669.190,19771.282;-9727.559,19742.523;-9785.807,19713.717;-9844.035,19684.568;-9902.157,19655.331;-9960.174,19625.933;-10018.137,19596.314;-10076.048,19566.579;-10133.832,19536.589;-10191.530,19506.501;-10249.123,19476.253;-10306.659,19445.785;-10364.126,19415.103;-10421.348,19384.368;-10478.637,19353.422;-10535.804,19322.323;-10592.896,19290.905;-10649.799,19259.482;-10706.718,19227.908;-10763.512,19196.072;-10820.199,19164.044;-10876.748,19131.983;-10933.293,19099.672;-10989.681,19067.228;-11046.014,19034.562;-11102.190,19001.763;-11158.308,18968.744;-11214.292,18935.692;-11270.166,18902.366;-11326.034,18868.874;-11381.703,18835.304;-11437.325,18801.505;-11492.877,18767.494;-11548.275,18733.348;-11603.550,18699.164;-11658.799,18664.626;-11713.863,18630.087;-11768.918,18595.296;-11823.820,18560.372;-11878.663,18525.227;-11933.353,18489.949;-11987.902,18454.527;-12042.410,18418.991;-12096.795,18383.184;-12151.010,18347.370;-12205.215,18311.305;-12259.348,18275.027;-12313.249,18238.693;-12367.100,18202.131;-12420.878,18165.358;-12474.426,18128.527;-12527.943,18091.575;-12581.438,18054.377;-12634.762,18016.936;-12687.915,17979.496;-12740.976,17941.879;-12793.975,17904.042;-12846.824,17866.072;-12899.532,17827.957;-12952.197,17789.732;-13004.741,17751.230;-13057.116,17712.726;-13109.377,17673.939;-13161.547,17635.077;-13213.617,17596.042;-13265.622,17556.791;-13317.403,17517.477;-13369.125,17477.942;-13420.700,17438.270;-13472.231,17398.488;-13523.564,17358.501;-13574.813,17318.435;-13625.940,17278.088;-13676.899,17237.745;-13727.841,17197.147;-13778.637,17156.412;-13829.290,17115.535;-13879.803,17074.516;-13930.172,17033.357;-13980.402,16992.054;-14030.563,16950.536;-14080.603,16908.990;-14130.525,16867.152;-14180.282,16825.323;-14230.018,16783.238;-14279.511,16740.980;-14328.918,16698.651;-14378.225,16656.144;-14427.391,16613.495;-14476.415,16570.707;-14525.322,16527.886;-14574.110,16484.772;-14622.783,16441.484;-14671.263,16398.242;-14719.699,16354.629;-14767.969,16311.030;-14816.143,16267.249;-14864.151,16223.212;-14911.996,16179.188;-14959.745,16134.982;-15007.354,16090.633;-15054.820,16046.143;-15102.216,16001.438;-15149.423,15956.780;-15196.509,15911.821;-15243.507,15866.806;-15290.308,15821.566;-15337.022,15776.267;-15383.540,15730.743;-15429.971,15685.161
短控制列表:
0,0,0,0,0,0,0,0,0,0,0,0,0,0,0,0,0,0,0,0,0,0,0,0,0,0,0,0,0,0,0,0,0,0,0,0,0,0,0,0,0,0,0,0,0,0,0,0,0,0,0,0,0,0,0,0,0,0,0,0,0,0,0,0,0,0,0,0,0,0,0,0,0,0,0,0,0,0,0,0,0,0,0,0,0,0,0,0,0,0,0,0,0,0,0,0,0,0,0,0,0,0,0,0,0,0,0,0,0,0,0,0,0,0,0,0,0,0,0,0,0,0,0,0,0,0,0,0,0,0,0,0,0,0,0,0,0,0,0,0,0,0,0,0,0,0,0,0,0,0,0,0,0,0,0,0,0,0,0,0,0,0,0,0,0,0,0,0,0,0,0,0,0,0,0,0,0,0,0,0,0,0,0,0,0,0,0,0,0,0,0,0,0,0,0,0,0,0,0,0,0,0,0,0,0,0,0,0,0,0,0,0,0,0,0,0,0,0,0,0,0,0,0,0,0,0,0,0,0,0,0,0,0,0,0,0,0,0,0,0,0,0,0,0,0,0,0,0,10,10,0,10,0,0,0,0,0,0,0,0,0,0,0,0,0,0,0,0,0,0,0,0,0,0,0,0,0,0,0,0,0,0,0,0,0,0,0,0,0,0,0,0,0,0,0,0,0,0,0,0,0,0,0,0,0,0,0,0,0,0,0,0,0,0,0,0,0,0,0,0,0,0,0,0,0,0,0,0,0,0,0,0,0,0,0,0,0,0,0,0,0,0,0,0,0,0,0,0,0,0,0,0,0,0,0,0,0,0,0,0,0,0,0,0,0,0,0,0,0,0,0,0,0,0,0,0,0,0,0,0,0,0,0,0,0,0,0,0,0,0,0,0,0,0,0,0,0,0,0,0,0,0,0,0,0,0,0,0,0,0,0,0,0,0,0,0,0,0,0,0,0,0,0,0,0,0,0,0,0,0,0,0,0,0,0,0,0,0,0,0,0,0,0,0,0,0,10,0,10,10
短控制列表2:
0,0,0,0,0,0,0,0,0,0,0,0,0,0,0,0,0,0,0,0,0,0,0,0,0,0,0,0,0,0,0,0,0,0,0,0,0,0,0,0,0,0,0,0,0,0,0,0,0,0,0,0,0,0,0,0,0,0,0,0,0,0,0,0,0,0,0,0,0,0,0,0,0,0,0,0,0,0,0,0,0,0,0,0,0,0,0,0,0,0,0,0,0,0,0,0,0,0,0,0,0,0,0,0,0,0,0,0,0,0,0,0,0,0,0,0,0,0,0,0,0,0,0,0,0,0,0,0,0,0,0,0,0,0,0,0,0,0,0,0,0,0,0,0,0,0,0,0,0,0,0,0,0,0,0,0,0,0,0,0,0,0,0,0,0,0,0,0,0,0,0,0,0,0,0,0,0,0,0,0,0,0,0,0,0,0,0,0,0,0,0,0,0,0,0,0,0,0,0,0,0,0,0,0,0,0,0,0,0,0,0,0,0,0,0,0,0,0,0,0,0,0,0,0,0,0,0,0,0,0,0,0,0,0,0,0,0,0,0,0,0,0,0,0,0,0,0,0,45,45,0,45,0,0,0,0,0,0,0,0,0,0,0,0,0,0,0,0,0,0,0,0,0,0,0,0,0,0,0,0,0,0,0,0,0,0,0,0,0,0,0,0,0,0,0,0,0,0,0,0,0,0,0,0,0,0,0,0,0,0,0,0,0,0,0,0,0,0,0,0,0,0,0,0,0,0,0,0,0,0,0,0,0,0,0,0,0,0,0,0,0,0,0,0,0,0,0,0,0,0,0,0,0,0,0,0,0,0,0,0,0,0,0,0,0,0,0,0,0,0,0,0,0,0,0,0,0,0,0,0,0,0,0,0,0,0,0,0,0,0,0,0,0,0,0,0,0,0,0,0,0,0,0,0,0,0,0,0,0,0,0,0,0,0,0,0,0,0,0,0,0,0,0,0,0,0,0,0,0,0,0,0,0,0,0,0,0,0,0,0,0,0,0,0,0,0,45,0,45,45
短控制列表3:
0,0,0,0,0,0,0,0,0,0,0,0,0,0,0,0,0,0,0,0,0,0,0,0,0,0,0,0,0,0,0,0,0,0,0,0,0,0,0,0,0,0,0,0,0,0,0,0,0,0,0,0,0,0,0,0,0,0,0,0,0,0,0,0,0,0,0,0,0,0,0,0,0,0,0,0,0,0,0,0,0,0,0,0,0,0,0,0,0,0,0,0,0,0,0,0,0,0,0,0,0,0,0,0,0,0,0,0,0,0,0,0,0,0,0,0,0,0,0,0,0,0,0,0,0,0,0,0,0,0,0,0,0,0,0,0,0,0,0,0,0,0,0,0,0,0,0,0,0,0,0,0,0,0,0,0,0,0,0,0,0,0,0,0,0,0,0,0,0,0,0,0,0,0,0,0,0,0,0,0,0,0,0,0,0,0,0,0,0,0,0,0,0,0,0,0,0,0,0,0,0,0,0,0,0,0,0,0,0,0,0,0,0,0,0,0,0,0,0,0,0,0,0,0,0,0,0,0,0,0,0,0,0,0,0,0,0,0,0,0,0,0,0,0,0,0,0,0,10,10,0,10,0,0,0,0,0,0,0,0,0,0,0,0,0,0,0,0,0,0,0,0,0,0,0,0,0,0,0,0,0,0,0,0,0,0,0,0,0,0,0,0,0,0,0,0,0,0,0,0,0,0,0,0,0,0,0,0,0,0,0,0,0,0,0,0,0,0,0,0,0,0,0,0,0,0,0,0,0,0,0,0,0,0,0,0,0,0,0,0,0,0,0,0,0,0,0,0,0,0,0,0,0,0,0,0,0,0,0,0,0,0,0,0,0,0,0,0,0,0,0,0,0,0,0,0,0,0,0,0,0,0,0,0,0,0,0,0,0,0,0,0,0,0,0,0,0,0,0,0,0,0,0,0,0,0,0,0,0,0,0,0,0,0,0,0,0,0,0,0,0,0,0,0,0,0,0,0,0,0,0,0,0,0,0,0,0,0,0,0,0,0,0,0,0,0,10,0,10,10
短控制列表4:
0,0,0,0,0,0,0,0,0,0,0,0,0,0,0,0,0,0,0,0,0,0,0,0,0,0,0,0,0,0,0,0,0,0,0,0,0,0,0,0,0,0,0,0,0,0,0,0,0,0,0,0,0,0,0,0,0,0,0,0,0,0,0,0,0,0,0,0,0,0,0,0,0,0,0,0,0,0,0,0,0,0,0,0,0,0,0,0,0,0,0,0,0,0,0,0,0,0,0,0,0,0,0,0,0,0,0,0,0,0,0,0,0,0,0,0,0,0,0,0,0,0,0,0,0,0,0,0,0,0,0,0,0,0,0,0,0,0,0,0,0,0,0,0,0,0,0,0,0,0,0,0,0,0,0,0,0,0,0,0,0,0,0,0,0,0,0,0,0,0,0,0,0,0,0,0,0,0,0,0,0,0,0,0,0,0,0,0,0,0,0,0,0,0,0,0,0,0,0,0,0,0,0,0,0,0,0,0,0,0,0,0,0,0,0,0,0,0,0,0,0,0,0,0,0,0,0,0,0,0,0,0,0,0,0,0,0,0,0,0,0,0,0,0,0,0,0,0,65,65,0,65,0,0,0,0,0,0,0,0,0,0,0,0,0,0,0,0,0,0,0,0,0,0,0,0,0,0,0,0,0,0,0,0,0,0,0,0,0,0,0,0,0,0,0,0,0,0,0,0,0,0,0,0,0,0,0,0,0,0,0,0,0,0,0,0,0,0,0,0,0,0,0,0,0,0,0,0,0,0,0,0,0,0,0,0,0,0,0,0,0,0,0,0,0,0,0,0,0,0,0,0,0,0,0,0,0,0,0,0,0,0,0,0,0,0,0,0,0,0,0,0,0,0,0,0,0,0,0,0,0,0,0,0,0,0,0,0,0,0,0,0,0,0,0,0,0,0,0,0,0,0,0,0,0,0,0,0,0,0,0,0,0,0,0,0,0,0,0,0,0,0,0,0,0,0,0,0,0,0,0,0,0,0,0,0,0,0,0,0,0,0,0,0,0,0,65,0,65,65
加长控制列表:
0,0,0,0,0,0,0,0,0,0,0,0,0,0,0,0,0,0,0,0,0,0,0,0,0,0,0,0,0,0,0,0,0,0,0,0,0,0,0,0,0,0,0,0,0,0,0,0,0,0,0,0,0,0,0,0,0,0,0,0,0,0,0,0,0,0,0,0,0,0,0,0,0,0,0,0,0,0,0,0,0,0,0,0,0,0,0,0,0,0,0,0,0,0,0,0,0,0,0,0,0,0,0,0,0,0,0,0,0,0,0,0,0,0,0,0,0,0,0,0,0,0,0,0,0,0,0,0,0,0,0,0,0,0,0,0,0,0,0,0,0,0,0,0,0,0,0,0,0,0,0,0,0,0,0,0,0,0,0,0,0,0,0,0,0,0,0,0,0,0,0,0,0,0,0,0,0,0,0,0,0,0,0,0,0,0,0,0,0,0,0,0,0,0,0,0,0,0,0,0,0,0,0,0,0,0,0,0,0,0,0,0,0,0,0,0,0,0,0,0,0,0,0,0,0,0,0,0,0,0,0,0,0,0,0,0,0,0,0,0,0,0,0,0,0,0,0,0,0,0,0,0,0,0,0,0,0,0,0,0,0,0,0,0,0,0,0,0,0,0,0,0,0,0,0,0,0,0,0,0,0,0,0,0,0,0,0,0,0,0,0,0,0,0,0,0,0,0,0,0,0,0,0,0,0,0,0,0,0,0,0,0,0,0,0,0,0,0,0,0,0,0,0,0,0,0,0,0,0,0,0,0,0,0,0,0,0,0,0,0,0,0,0,0,0,0,0,0,0,0,0,0,0,0,0,0,0,0,0,0,0,0,0,0,0,0,0,0,0,0,0,0,0,0,0,0,0,0,0,0,0,0,0,0,0,0,0,0,0,0,0,0,0,0,0,0,0,0,0,0,0,0,0,0,0,0,0,0,0,0,0,0,0,0,0,0,0,0,0,0,0,0,0,0,0,0,0,0,0,0,0,0,0,0,0,0,0,0,0,0,0,0,0,0,0,0,0,0,0,0,0,0,0,0,0,0,0,0,0,0,0,0,0,0,0,0,0,0,0,0,0,0,0,0,0,0,0,0,0,0,0,0,0,0,0,0,0,0,0,0,0,0,0,0,0,0,0,0,0,0,0,0,0,0,0,0,0,0,0,0,0,0,0,0,0,0,0,0,0,0,0,0,0,0,0,0,0,0,0,0,0,0,0,0,0,0,0,0,0,0,0,0,0,0,0,0,0,0,0,0,0,0,0,0,0,0,0,0,0,0,0,0,0,0,0,0,0,0,0,0,0,0,0,0,0,0,0,0,0,0,0,0,0,0,0,0,0,0,0,0,0,0,0,0,0,0,0,0,0,0,0,0,0,0,0,0,0,0,0,0,0,0,0,0,0,0,0,0,0,0,0,0,0,0,0,0,0,0,0,0,0,0,0,0,0,0,0,0,0,0,0,0,0,0,0,0,0,0,0,0,0,0,0,0,0,0,0,0,0,0,0,0,0,0,0,0,0,0,0,0,0,0,0,0,0,0,0,0,0,0,0,0,0,0,0,0,0,0,0,0,0,0,0,0,0,0,0,0,65,65,0,65,0,0,0,0,0,0,0,0,0,0,0,0,0,0,0,0,0,0,0,0,0,0,0,0,0,0,0,0,0,0,0,0,0,0,0,0,0,0,0,0,0,0,0,0,0,0,0,0,0,0,0,0,0,0,0,0,0,0,0,0,0,0,0,0,0,0,0,0,0,0,0,0,0,0,0,0,0,0,0,0,0,0,0,0,0,0,0,0,0,0,0,0,0,0,0,0,0,0,0,0,0,0,0,0,0,0,0,0,0,0,0,0,0,0,0,0,0,0,0,0,0,0,0,0,0,0,0,0,0,0,0,0,0,0,0,0,0,0,0,0,0,0,0,0,0,0,0,0,0,0,0,0,0,0,0,0,0,0,0,0,0,0,0,0,0,0,0,0,0,0,0,0,0,0,0,0,0,0,0,0,0,0,0,0,0,0,0,0,0,0,0,0,0,0,65,0,65,65
