6464.21200	7011.96900
6435.38900	7038.32200
6403.64200	7067.05700
6371.84300	7095.64600
6339.94400	7124.13400
6307.74600	7152.51000
6275.49400	7180.64400
6243.24700	7208.68400
6210.59300	7236.60300
6178.04700	7264.34300
6145.29100	7291.97500
6112.43500	7319.40600
6079.53300	7346.69000
6046.33000	7373.85800
6013.12800	7400.84200
5979.82400	7427.72500
5946.36300	7454.45300
5912.65900	7481.01700
5879.10000	7507.36300
5845.19300	7533.62500
5811.28800	7559.70500
5777.28600	7585.68500
5708.81500	7637.08900
5674.30500	7662.64600
5639.88300	7687.93500
5605.23200	7713.14500
5570.46500	7738.16700
5535.59600	7762.98700
5500.54500	7787.69400
5465.58300	7812.23800
5430.41200	7836.65700
5394.99700	7860.90500
5359.59000	7884.97900
5324.16100	7908.86600
5288.44500	7932.61100
5252.73600	7956.18300
5216.92800	7979.65400
5180.88900	8002.91000
5144.87800	8025.98100
5108.91100	8048.92300
5072.59300	8071.76200
5036.07400	8094.39900
4999.70600	8116.84100
4963.12800	8139.15000
4926.44900	8161.25800
4889.73800	8183.22500
4852.85900	8205.03100
4815.87800	8226.63800
4778.86900	8248.10200
4741.82600	8269.38400
4704.50400	8290.51000
4667.19300	8311.47300
4629.70900	8332.27500
4592.33900	8352.91400
4554.54200	8373.37700
4516.97000	8393.61600
4479.11900	8413.79700
4441.19900	8433.71300
4403.28700	8453.47200
4365.20000	8473.06800
4327.08800	8492.52600
4288.80100	8511.82100
4250.41400	8530.91500
4212.06200	8549.78800
4173.51400	8568.56200
4134.96100	8587.13600
4096.27200	8605.52700
4057.55900	8623.78000
4018.72700	8641.78700
3979.78000	8659.65600
3940.82200	8677.32800
3901.81000	8694.87800
3862.62000	8712.26400
3823.46200	8729.43300
3784.03600	8746.43200
3744.67700	8763.20000
3705.26400	8779.84800
3665.80500	8796.31500
3626.07800	8812.60800
3586.49800	8828.74100
3546.75600	8844.63900
3506.91000	8860.39700
3467.04800	8875.96100
3427.05300	8891.33600
3387.17100	8906.56800
3346.94600	8921.65400
3266.69700	8951.14500
3226.31900	8965.64600
3185.92300	8979.91600
3145.50900	8994.05600
3105.04300	9008.01400
3064.44600	9021.78100
3023.87700	9035.33800
2983.18100	9048.70400
2942.46700	9061.94000
2901.69800	9074.99500
2860.92700	9087.84900
2819.90300	9100.51900
2778.93200	9112.97100
2737.96000	9125.22400
2696.94700	9137.35700
2655.75000	9149.31500
2614.57600	9161.06400
2573.40300	9172.61400
2532.10300	9183.96800
2490.70700	9195.12300
2449.41800	9206.14600
2407.95500	9216.91600
2366.54400	9227.54400
2324.94600	9237.99500
2283.36900	9248.23900
2241.79200	9258.28200
2200.18200	9268.20800
2158.29400	9277.87600
2116.72500	9287.39100
2074.80800	9296.74100
2033.04800	9305.87600
1991.14900	9314.81900
1949.26900	9323.55700
1907.27100	9332.09800
1865.29000	9340.43400
1823.28200	9348.65400
1781.11300	9356.60700
1739.11900	9364.42400
1696.92300	9372.06100
1654.85800	9379.49000
1612.54300	9386.72800
1570.37600	9393.75600
1528.07800	9400.58800
1485.88600	9407.30200
1443.39900	9413.74800
1401.10600	9420.06200
1358.63100	9426.10200
1316.33900	9432.01500
1273.95400	9437.74000
1231.45800	9443.26600
1188.97300	9448.59000
1146.37700	9453.71400
1103.90300	9458.63400
1061.40000	9463.44600
1018.72200	9467.97700
976.22900	9472.38600
933.55000	9476.51400
890.94700	9480.52400
848.26100	9484.34100
805.68500	9487.95700
762.99000	9491.37300
720.19600	9494.58800
677.51700	9497.60100
634.83000	9500.41300
592.12900	9503.11900
549.25100	9505.53700
506.66200	9507.84200
463.77500	9509.85600
421.08200	9511.76000
378.29600	9513.46900
335.50700	9514.97500
292.61700	9516.28100
249.83300	9517.38700
207.04500	9518.29100
164.25700	9518.99500
140.00000	9519.27900
140.00000	12359.45500
146.57300	12359.40100
195.10700	12358.80300
243.82600	12358.10400
292.27900	12357.10800
340.99900	12356.01000
389.45100	12354.61700
438.06900	12353.11900
486.70700	12351.42400
535.15900	12349.43400
583.77700	12347.33700
632.31300	12345.04500
680.84900	12342.55300
729.46800	12339.95700
777.81800	12337.07200
826.35900	12333.98100
874.97700	12330.78600
923.32800	12327.30300
971.84400	12323.70800
1020.28300	12319.92200
1068.63700	12315.84200
1117.15600	12311.64900
1165.48600	12307.26400
1213.93100	12302.67800
1262.26000	12297.89400
1310.67900	12293.00300
1358.93600	12287.82800
1407.16500	12282.44700
1455.59300	12276.95500
1503.82000	12271.27500
1551.97900	12265.30400
1600.29800	12259.21400
1648.42600	12252.93600
1696.56500	12246.45700
1744.70500	12239.77900
1792.84300	12232.90200
1840.95100	12225.91500
1888.91000	12218.65100
1937.03000	12211.26300
1984.99000	12203.60100
2032.99600	12195.81600
2080.93700	12187.84200
2128.76300	12179.67100
2176.71900	12171.29600
2224.54600	12162.72700
2272.27200	12153.95800
2320.20600	12145.07000
2367.74100	12135.92100
2415.57600	12126.63300
2463.20300	12117.16700
2510.84500	12107.49900
2558.37000	12097.63500
2605.91400	12087.56800
2653.45600	12077.30100
2700.88400	12066.83900
2748.40500	12056.25600
2795.73200	12045.49500
2842.99900	12034.44900
2890.42000	12023.26800
2937.64600	12011.90800
2984.77300	12000.35100
3032.11400	11988.66600
3079.04400	11976.73300
3126.16600	11964.65300
3173.21300	11952.39300
3220.06400	11939.86000
3267.08600	11927.18000
3313.98900	11914.40600
3360.76000	11901.36900
3407.56300	11888.19600
3454.23500	11874.76100
3500.93800	11861.18900
3547.58700	11847.43300
3594.11400	11833.48500
3640.54000	11819.33700
3687.06500	11805.06000
3733.44100	11790.53000
3779.71900	11775.86800
3826.09400	11761.00800
3872.19800	11745.97100
3918.42300	11730.79600
3964.50200	11715.37000
4010.60300	11699.80200
4056.53000	11684.06100
4102.35900	11668.12000
4148.21300	11651.97100
4194.14000	11635.69700
4239.67000	11619.19400
4285.39800	11602.52100
4331.05200	11585.67400
4376.45500	11568.64700
4421.98300	11551.47400
4467.44000	11534.12800
4512.57000	11516.53200
4557.89900	11498.76000
4603.10100	11480.90000
4648.18700	11462.78400
4693.28900	11444.52300
4738.22000	11426.09300
4783.05000	11407.46200
4827.98000	11388.69100
4872.64200	11369.69200
4917.34300	11350.53400
4961.87500	11331.20700
5006.50700	11311.73700
5050.86900	11292.04100
5095.27100	11272.18500
5139.50400	11252.16100
5183.70400	11232.00500
5227.80100	11211.59800
5271.90300	11191.04400
5315.83700	11170.32200
5359.73800	11149.46900
5403.47200	11128.44800
5447.23900	11107.21200
5490.87600	11085.79300
5534.41000	11064.17400
5577.91100	11042.42300
5621.24900	11020.50500
5664.54900	10998.45500
5707.62100	10976.17200
5750.85600	10953.70600
5793.95800	10931.15700
5836.69900	10908.39400
5879.63400	10885.42900
5922.37200	10862.31500
5965.07500	10839.06900
6007.61400	10815.65700
6050.05300	10792.04500
6092.52800	10768.21500
6134.79600	10744.29000
6176.93700	10720.18000
6219.17500	10695.91600
6261.08000	10671.52700
6303.05900	10646.89900
6344.76500	10622.11400
6386.60500	10597.15000
6428.17200	10572.12900
6469.69200	10546.83800
6511.05900	10521.42000
6552.44000	10495.79300
6593.60700	10470.07500
6634.79000	10444.14900
6675.75600	10418.13300
6716.73900	10391.90800
6757.45000	10365.53100
6798.09600	10338.93000
6838.83900	10312.16700
6879.30700	10285.35500
6919.65500	10258.35600
6959.90400	10231.15700
7000.11000	10203.82100
7040.16000	10176.32400
7080.11000	10148.62700
7120.01700	10120.79200
7159.76800	10092.79600
7199.33600	10064.69000
7238.92700	10036.36700
7278.29500	10007.96200
7317.54900	9979.36800
7356.75600	9950.63600
7395.81100	9921.74300
7434.76600	9892.65100
7473.67400	9863.42000
7512.34300	9834.11900
7551.03900	9804.59800
7589.45600	9774.93800
7627.86500	9745.10800
7666.12300	9715.11900
7704.19300	9685.02200
7742.29200	9654.70100
7780.16200	9624.30500
7817.92300	9593.71800
7855.63300	9562.99100
7893.10300	9532.19600
7930.60600	9501.17700
7967.82800	9470.02500
8005.04000	9438.69900
8042.10400	9407.21400
8078.97500	9375.62400
8115.78700	9343.89900
8152.45500	9312.01500
8189.06500	9279.99200
8225.39200	9247.84500
8261.84600	9215.48600
8297.83200	9183.07600
8333.98600	9150.41800
8369.86000	9117.73100
8405.63100	9084.85100
8441.34500	9051.83000
8473.75600	9021.51300