顶点列表:
8583.876,9301.338;8580.125,9304.798;8543.836,9338.079;8507.311,9371.294;8470.681,9404.312;8433.855,9437.225;8396.924,9469.941;8359.938,9502.517;8322.852,9534.993;8285.477,9567.344;8248.184,9599.424;8210.705,9631.493;8135.283,9695.082;8097.260,9726.669;8059.319,9758.102;8021.134,9789.355;7982.854,9820.520;7944.556,9851.499;7905.976,9882.343;7867.389,9913.014;7828.649,9943.524;7789.719,9973.926;7750.679,10004.135;7711.728,10034.175;7672.447,10064.114;7633.156,10093.882;7593.574,10123.519;7554.122,10152.958;7514.339,10182.294;7474.686,10211.433;7434.703,10240.467;7394.657,10269.272;7354.565,10297.938;7314.318,10326.443;7274.027,10354.808;7233.440,10383.038;7192.985,10411.076;7152.199,10439.004;7111.350,10466.706;7070.594,10494.244;7029.563,10521.732;6988.356,10548.969;6947.162,10576.031;6905.869,10602.994;6864.416,10629.792;6822.864,10656.389;6781.270,10682.850;6739.517,10709.147;6697.663,10735.243;6655.768,10761.202;6613.713,10786.997;6571.483,10812.677;6529.204,10838.085;6486.969,10863.407;6444.452,10888.536;6401.956,10913.492;6359.299,10938.284;6316.603,10962.939;6273.746,10987.430;6230.788,11011.719;6187.791,11035.874;6144.633,11059.862;6101.508,11083.631;6058.114,11107.238;6014.717,11130.690;5971.291,11153.958;5927.794,11177.110;5884.000,11200.113;5840.271,11222.880;5796.410,11245.463;5752.513,11267.913;5708.451,11290.195;5664.421,11312.261;5620.126,11334.158;5575.960,11355.890;5531.597,11377.470;5487.200,11398.918;5442.568,11420.128;5397.971,11441.174;5353.338,11462.037;5308.509,11482.797;5263.607,11503.290;5218.709,11523.634;5173.774,11543.795;5128.646,11563.852;5083.510,11583.713;5038.175,11603.315;4992.944,11622.827;4947.539,11642.116;4902.013,11661.270;4811.004,11698.957;4765.138,11717.566;4719.398,11735.922;4673.600,11754.161;4627.631,11772.228;4581.690,11790.083;4535.692,11807.821;4489.452,11825.313;4443.379,11842.640;4397.111,11859.803;4350.742,11876.766;4304.398,11893.518;4258.000,11910.153;4211.430,11926.614;4164.884,11942.864;4118.215,11958.923;4071.444,11974.782;4024.771,11990.506;3977.953,12005.980;3931.029,12021.320;3884.081,12036.468;3837.135,12051.415;3790.138,12066.247;3742.892,12080.823;3695.817,12095.245;3648.546,12109.497;3601.175,12123.549;3553.946,12137.385;3506.529,12151.121;3459.003,12164.585;3411.627,12177.907;3364.055,12191.055;3316.383,12204.002;3268.732,12216.743;3221.079,12229.282;3173.308,12241.628;3125.512,12253.853;3077.659,12265.891;3029.729,12277.648;2981.833,12289.271;2933.880,12300.709;2885.884,12312.031;2837.752,12323.084;2789.659,12334.007;2741.426,12344.659;2693.348,12355.176;2645.076,12365.513;2596.820,12375.646;2548.448,12385.582;2500.092,12395.314;2451.620,12404.848;2403.356,12414.260;2354.807,12423.408;2306.313,12432.426;2257.755,12441.255;2209.198,12449.883;2160.639,12458.310;2111.969,12466.540;2063.310,12474.567;2014.618,12482.482;1965.780,12490.120;1917.100,12497.632;1868.262,12504.868;1819.471,12511.982;1770.722,12518.903;1721.741,12525.628;1672.892,12532.148;1623.921,12538.471;1574.962,12544.592;1526.080,12550.601;1477.041,12556.330;1428.051,12561.940;1379.019,12567.266;1330.030,12572.476;1280.861,12577.493;1231.808,12582.309;1182.639,12586.925;1133.585,12591.339;1084.416,12595.554;1035.255,12599.568;985.987,12603.381;936.912,12607.086;887.670,12610.504;838.482,12613.810;789.220,12616.921;739.877,12619.735;690.696,12622.440;641.434,12624.948;592.172,12627.256;542.910,12629.364;493.624,12631.367;444.283,12633.075;394.920,12634.581;345.740,12635.984;296.294,12637.090;247.114,12638.092;197.669,12638.796;148.388,12639.397;140.000,12639.465;140.000,15489.545;188.333,15489.102;242.860,15488.502;297.241,15487.605;351.666,15486.607;406.048,15485.311;460.473,15483.913;514.855,15482.219;569.280,15480.423;623.734,15478.426;678.087,15476.233;732.440,15473.839;786.794,15471.245;841.148,15468.453;895.575,15465.557;949.855,15462.369;1004.282,15459.073;1058.459,15455.487;1112.891,15451.792;1167.067,15447.808;1221.393,15443.713;1275.647,15439.424;1329.902,15434.936;1384.157,15430.248;1438.305,15425.362;1492.639,15420.368;1546.715,15415.089;1600.870,15409.605;1655.096,15404.011;1709.145,15398.227;1763.234,15392.150;1817.354,15385.959;1871.409,15379.576;1925.465,15372.993;1979.411,15366.211;2033.368,15359.231;2087.395,15352.140;2141.279,15344.769;2195.234,15337.189;2249.154,15329.501;2303.010,15321.621;2356.866,15313.543;2410.541,15305.177;2464.369,15296.688;2518.197,15288.099;2571.772,15279.236;2625.429,15270.160;2679.158,15260.972;2732.744,15251.509;2786.360,15241.923;2839.919,15232.150;2893.292,15222.091;2946.823,15211.905;3000.352,15201.619;3053.625,15191.062;3106.986,15180.291;3160.415,15169.405;3213.590,15158.253;3266.918,15146.967;3320.180,15135.497;3373.323,15123.830;3426.368,15111.965;3479.545,15099.893;3532.473,15087.631;3585.621,15075.244;3638.565,15062.681;3691.340,15049.835;3744.271,15036.852;3797.132,15023.685;3849.879,15010.324;3902.591,14996.847;3955.185,14983.100;4007.917,14969.218;4060.462,14955.159;4112.957,14940.815;4165.538,14926.420;4217.934,14911.776;4270.280,14896.921;4322.591,14881.945;4374.789,14866.703;4427.121,14851.323;4479.267,14835.769;4531.312,14820.015;4583.445,14804.136;4635.324,14788.005;4687.356,14771.725;4739.202,14755.273;4791.069,14738.616;4842.815,14721.766;4894.461,14704.716;4946.194,14687.537;4997.675,14670.112;5049.310,14652.534;5100.633,14634.794;5152.190,14616.909;5203.349,14598.794;5254.684,14580.517;5305.954,14562.064;5356.977,14543.428;5408.172,14524.566;5459.095,14505.531;5510.132,14486.356;5560.979,14467.014;5611.725,14447.472;5662.499,14427.721;5713.210,14407.856;5763.694,14387.741;5814.207,14367.476;5864.680,14347.027;5915.092,14326.463;5965.404,14305.640;6015.589,14284.688;6065.765,14263.540;6115.876,14242.278;6165.890,14220.757;6215.902,14199.095;6265.625,14177.272;6315.403,14155.226;6365.241,14133.054;6414.703,14110.660;6464.342,14088.088;6513.854,14065.428;6563.145,14042.525;6612.585,14019.453;6661.708,13996.236;6710.888,13972.792;6760.002,13949.234;6808.952,13925.506;6857.805,13901.577;6906.558,13877.450;6955.399,13853.179;7003.922,13828.767;7052.507,13804.126;7101.019,13779.371;7149.373,13754.446;7197.627,13729.321;7245.782,13703.997;7294.025,13678.527;7341.950,13652.920;7389.936,13627.081;7437.849,13601.128;7485.475,13575.023;7533.161,13548.686;7580.774,13522.234;7628.231,13495.614;7675.589,13468.794;7722.902,13441.843;7770.060,13414.725;7817.118,13387.406;7864.131,13359.957;7911.122,13332.321;7957.850,13304.523;8004.563,13276.574;8051.123,13248.459;8097.716,13220.124;8144.098,13191.696;8190.358,13163.082;8236.573,13134.335;8282.767,13105.401;8328.696,13076.308;8374.559,13046.996;8420.425,13017.617;8466.037,12988.039;8511.652,12958.294;8557.115,12928.383;8602.531,12898.339;8647.796,12868.129;8692.960,12837.720;8738.076,12807.177;8782.907,12776.491;8827.858,12745.626;8872.624,12714.618;8917.157,12683.434;8961.674,12652.093;9006.089,12620.652;9050.444,12588.956;9094.674,12557.205;9138.559,12525.260;9182.613,12493.095;9226.530,12460.855;9270.165,12428.477;9313.782,12395.938;9357.388,12363.209;9400.724,12330.332;9443.908,12297.321;9487.115,12264.092;9530.234,12230.755;9573.117,12197.346;9615.845,12163.680;9658.609,12129.908;9701.185,12096.008;9743.524,12061.937;9785.978,12027.673;9828.118,11993.303;9870.239,11958.768;9912.079,11924.099;9954.036,11889.235;9995.721,11854.331;10037.300,11819.234;10078.777,11783.937;10120.199,11748.504;10161.384,11713.002;10202.464,11677.306;10243.486,11641.474;10284.230,11605.511;10325.089,11569.347;10365.497,11533.118;10406.058,11496.654;10446.480,11460.123;10486.627,11423.462;10526.751,11386.632;10566.599,11349.673;10600.554,11318.015
短控制列表:
10,0,0,0,0,0,0,0,0,0,0,0,0,0,0,0,0,0,0,0,0,0,0,0,0,0,0,0,0,0,0,0,0,0,0,0,0,0,0,0,0,0,0,0,0,0,0,0,0,0,0,0,0,0,0,0,0,0,0,0,0,0,0,0,0,0,0,0,0,0,0,0,0,0,0,0,0,0,0,0,0,0,0,0,0,0,0,0,0,0,0,0,0,0,0,0,0,0,0,0,0,0,0,0,0,0,0,0,0,0,0,0,0,0,0,0,0,0,0,0,0,0,0,0,0,0,0,0,0,0,0,0,0,0,0,0,0,0,0,0,0,0,0,0,0,0,0,0,0,0,0,0,0,0,0,0,0,0,0,0,0,0,0,0,0,0,0,0,0,0,0,0,0,0,0,0,0,0,0,0,0,0,0,0,0,0,0,0,0,0,0,0,0,0,0,0,0,0,0,0,0,0,0,0,0,0,0,0,0,0,0,0,10,10,0,0,0,0,0,0,0,0,0,0,0,0,0,0,0,0,0,0,0,0,0,0,0,0,0,0,0,0,0,0,0,0,0,0,0,0,0,0,0,0,0,0,0,0,0,0,0,0,0,0,0,0,0,0,0,0,0,0,0,0,0,0,0,0,0,0,0,0,0,0,0,0,0,0,0,0,0,0,0,0,0,0,0,0,0,0,0,0,0,0,0,0,0,0,0,0,0,0,0,0,0,0,0,0,0,0,0,0,0,0,0,0,0,0,0,0,0,0,0,0,0,0,0,0,0,0,0,0,0,0,0,0,0,0,0,0,0,0,0,0,0,0,0,0,0,0,0,0,0,0,0,0,0,0,0,0,0,0,0,0,0,0,0,0,0,0,0,0,0,0,0,0,0,0,0,0,0,0,0,0,0,0,0,0,0,0,0,10
短控制列表2:
45,0,0,0,0,0,0,0,0,0,0,0,0,0,0,0,0,0,0,0,0,0,0,0,0,0,0,0,0,0,0,0,0,0,0,0,0,0,0,0,0,0,0,0,0,0,0,0,0,0,0,0,0,0,0,0,0,0,0,0,0,0,0,0,0,0,0,0,0,0,0,0,0,0,0,0,0,0,0,0,0,0,0,0,0,0,0,0,0,0,0,0,0,0,0,0,0,0,0,0,0,0,0,0,0,0,0,0,0,0,0,0,0,0,0,0,0,0,0,0,0,0,0,0,0,0,0,0,0,0,0,0,0,0,0,0,0,0,0,0,0,0,0,0,0,0,0,0,0,0,0,0,0,0,0,0,0,0,0,0,0,0,0,0,0,0,0,0,0,0,0,0,0,0,0,0,0,0,0,0,0,0,0,0,0,0,0,0,0,0,0,0,0,0,0,0,0,0,0,0,0,0,0,0,0,0,0,0,0,0,0,0,45,45,0,0,0,0,0,0,0,0,0,0,0,0,0,0,0,0,0,0,0,0,0,0,0,0,0,0,0,0,0,0,0,0,0,0,0,0,0,0,0,0,0,0,0,0,0,0,0,0,0,0,0,0,0,0,0,0,0,0,0,0,0,0,0,0,0,0,0,0,0,0,0,0,0,0,0,0,0,0,0,0,0,0,0,0,0,0,0,0,0,0,0,0,0,0,0,0,0,0,0,0,0,0,0,0,0,0,0,0,0,0,0,0,0,0,0,0,0,0,0,0,0,0,0,0,0,0,0,0,0,0,0,0,0,0,0,0,0,0,0,0,0,0,0,0,0,0,0,0,0,0,0,0,0,0,0,0,0,0,0,0,0,0,0,0,0,0,0,0,0,0,0,0,0,0,0,0,0,0,0,0,0,0,0,0,0,0,0,45
短控制列表3:
10,0,0,0,0,0,0,0,0,0,0,0,0,0,0,0,0,0,0,0,0,0,0,0,0,0,0,0,0,0,0,0,0,0,0,0,0,0,0,0,0,0,0,0,0,0,0,0,0,0,0,0,0,0,0,0,0,0,0,0,0,0,0,0,0,0,0,0,0,0,0,0,0,0,0,0,0,0,0,0,0,0,0,0,0,0,0,0,0,0,0,0,0,0,0,0,0,0,0,0,0,0,0,0,0,0,0,0,0,0,0,0,0,0,0,0,0,0,0,0,0,0,0,0,0,0,0,0,0,0,0,0,0,0,0,0,0,0,0,0,0,0,0,0,0,0,0,0,0,0,0,0,0,0,0,0,0,0,0,0,0,0,0,0,0,0,0,0,0,0,0,0,0,0,0,0,0,0,0,0,0,0,0,0,0,0,0,0,0,0,0,0,0,0,0,0,0,0,0,0,0,0,0,0,0,0,0,0,0,0,0,0,10,10,0,0,0,0,0,0,0,0,0,0,0,0,0,0,0,0,0,0,0,0,0,0,0,0,0,0,0,0,0,0,0,0,0,0,0,0,0,0,0,0,0,0,0,0,0,0,0,0,0,0,0,0,0,0,0,0,0,0,0,0,0,0,0,0,0,0,0,0,0,0,0,0,0,0,0,0,0,0,0,0,0,0,0,0,0,0,0,0,0,0,0,0,0,0,0,0,0,0,0,0,0,0,0,0,0,0,0,0,0,0,0,0,0,0,0,0,0,0,0,0,0,0,0,0,0,0,0,0,0,0,0,0,0,0,0,0,0,0,0,0,0,0,0,0,0,0,0,0,0,0,0,0,0,0,0,0,0,0,0,0,0,0,0,0,0,0,0,0,0,0,0,0,0,0,0,0,0,0,0,0,0,0,0,0,0,0,0,10
短控制列表4:
65,0,0,0,0,0,0,0,0,0,0,0,0,0,0,0,0,0,0,0,0,0,0,0,0,0,0,0,0,0,0,0,0,0,0,0,0,0,0,0,0,0,0,0,0,0,0,0,0,0,0,0,0,0,0,0,0,0,0,0,0,0,0,0,0,0,0,0,0,0,0,0,0,0,0,0,0,0,0,0,0,0,0,0,0,0,0,0,0,0,0,0,0,0,0,0,0,0,0,0,0,0,0,0,0,0,0,0,0,0,0,0,0,0,0,0,0,0,0,0,0,0,0,0,0,0,0,0,0,0,0,0,0,0,0,0,0,0,0,0,0,0,0,0,0,0,0,0,0,0,0,0,0,0,0,0,0,0,0,0,0,0,0,0,0,0,0,0,0,0,0,0,0,0,0,0,0,0,0,0,0,0,0,0,0,0,0,0,0,0,0,0,0,0,0,0,0,0,0,0,0,0,0,0,0,0,0,0,0,0,0,0,65,65,0,0,0,0,0,0,0,0,0,0,0,0,0,0,0,0,0,0,0,0,0,0,0,0,0,0,0,0,0,0,0,0,0,0,0,0,0,0,0,0,0,0,0,0,0,0,0,0,0,0,0,0,0,0,0,0,0,0,0,0,0,0,0,0,0,0,0,0,0,0,0,0,0,0,0,0,0,0,0,0,0,0,0,0,0,0,0,0,0,0,0,0,0,0,0,0,0,0,0,0,0,0,0,0,0,0,0,0,0,0,0,0,0,0,0,0,0,0,0,0,0,0,0,0,0,0,0,0,0,0,0,0,0,0,0,0,0,0,0,0,0,0,0,0,0,0,0,0,0,0,0,0,0,0,0,0,0,0,0,0,0,0,0,0,0,0,0,0,0,0,0,0,0,0,0,0,0,0,0,0,0,0,0,0,0,0,0,65
加长控制列表:
0,0,0,0,0,0,0,0,0,0,0,0,0,0,0,0,0,0,0,0,0,0,0,0,0,0,0,0,0,0,0,0,0,0,0,0,0,0,0,0,0,0,0,0,0,0,0,0,0,0,0,0,0,0,0,0,0,0,0,0,0,0,0,0,0,0,0,0,0,0,0,0,0,0,0,0,0,0,0,0,0,0,0,0,0,0,0,0,0,0,0,0,0,0,0,0,0,0,0,0,0,0,0,0,0,0,0,0,0,0,0,0,0,0,0,0,0,0,0,0,0,0,0,0,0,0,0,0,0,0,0,0,0,0,0,0,0,0,0,0,0,0,0,0,0,0,0,0,0,0,0,0,0,0,0,0,0,0,0,0,0,0,0,0,0,0,0,0,0,0,0,0,0,0,0,0,0,0,0,0,0,0,0,0,0,0,0,0,0,0,0,0,0,0,0,0,0,0,0,0,0,0,0,0,0,0,0,0,0,0,0,0,0,0,0,0,0,0,0,0,0,0,0,0,0,0,0,0,0,0,0,0,0,0,0,0,0,0,0,0,0,0,0,0,0,0,0,0,0,0,0,0,0,0,0,0,0,0,0,0,0,0,0,0,0,0,0,0,0,0,0,0,0,0,0,0,0,0,0,0,0,0,0,0,0,0,0,0,0,0,0,0,0,0,0,0,0,0,0,0,0,0,0,0,0,0,0,0,0,0,0,0,0,0,0,0,0,0,0,0,0,0,0,0,0,0,0,0,0,0,0,0,0,0,0,0,0,0,0,0,0,0,0,0,0,0,0,0,0,0,0,0,0,0,0,0,0,0,0,0,0,0,0,0,0,0,0,0,0,0,0,0,0,0,0,0,0,0,0,0,0,0,0,0,0,0,0,0,0,0,0,0,0,0,0,0,0,0,0,0,0,0,65,0,0,0,0,0,0,0,0,0,0,0,0,0,0,0,0,0,0,0,0,0,0,0,0,0,0,0,0,0,0,0,0,0,0,0,0,0,0,0,0,0,0,0,0,0,0,0,0,0,0,0,0,0,0,0,0,0,0,0,0,0,0,0,0,0,0,0,0,0,0,0,0,0,0,0,0,0,0,0,0,0,0,0,0,0,0,0,0,0,0,0,0,0,0,0,0,0,0,0,0,0,0,0,0,0,0,0,0,0,0,0,0,0,0,0,0,0,0,0,0,0,0,0,0,0,0,0,0,0,0,0,0,0,0,0,0,0,0,0,0,0,0,0,0,0,0,0,0,0,0,0,0,0,0,0,0,0,0,0,0,0,0,0,0,0,0,0,0,0,0,0,0,0,0,0,0,0,0,0,0,0,0,0,0,0,0,0,0,0,0,0,0,0,0,0,0,0,0,0,0,0,0,0,0,0,0,0,0,0,0,0,65,65,0,0,0,0,0,0,0,0,0,0,0,0,0,0,0,0,0,0,0,0,0,0,0,0,0,0,0,0,0,0,0,0,0,0,0,0,0,0,0,0,0,0,0,0,0,0,0,0,0,0,0,0,0,0,0,0,0,0,0,0,0,0,0,0,0,0,0,0,0,0,0,0,0,0,0,0,0,0,0,0,0,0,0,0,0,0,0,0,0,0,0,0,0,0,0,0,0,0,0,0,0,0,0,0,0,0,0,0,0,0,0,0,0,0,0,0,0,0,0,0,0,0,0,0,0,0,0,0,0,0,0,0,0,0,0,0,0,0,0,0,0,0,0,0,0,0,0,0,0,0,0,0,0,0,0,0,0,0,0,0,0,0,0,0,0,0,0,0,0,0,0,0,0,0,0,0,0,0,0,0,0,0,0,0,0,0,0,65
