顶点列表:
12830.372,13887.245;12822.464,13894.561;12778.062,13935.356;12733.425,13975.982;12688.754,14016.446;12643.985,14056.809;12599.077,14097.005;12554.071,14137.001;12508.904,14176.960;12463.559,14216.687;12418.094,14256.344;12372.617,14295.810;12326.876,14335.133;12281.105,14374.294;12235.233,14413.355;12189.090,14452.276;12142.879,14490.969;12096.607,14529.529;12050.235,14567.989;12003.591,14606.308;11957.051,14644.440;11910.206,14682.459;11863.333,14720.318;11816.188,14758.035;11769.147,14795.567;11721.801,14832.983;11674.428,14870.241;11626.913,14907.331;11579.339,14944.288;11531.492,14981.102;11483.708,15017.667;11435.742,15054.216;11387.585,15090.536;11339.411,15126.692;11291.006,15162.771;11242.618,15198.635;11194.101,15234.322;11145.394,15269.901;11096.575,15305.287;11047.700,15340.541;10998.681,15375.627;10949.605,15410.581;10900.386,15445.366;10850.979,15480.041;10801.545,15514.435;10751.983,15548.779;10702.392,15582.941;10652.540,15616.945;10602.617,15650.727;10552.642,15684.379;10502.565,15717.931;10452.342,15751.313;10402.019,15784.494;10351.642,15817.545;10301.118,15850.426;10250.363,15883.125;10199.717,15915.655;10148.892,15948.035;10097.885,15980.304;10046.890,16012.364;9995.764,16044.242;9944.456,16076.009;9893.160,16107.569;9841.604,16138.964;9790.156,16170.194;9738.529,16201.270;9686.672,16232.164;9634.923,16262.893;9582.866,16293.486;9530.917,16323.915;9478.789,16354.190;9426.560,16384.264;9374.103,16414.154;9321.751,16443.881;9269.275,16473.527;9216.595,16502.928;9163.914,16532.173;9111.084,16561.244;9058.205,16590.187;9005.252,16618.871;8952.144,16647.430;8899.092,16675.856;8845.733,16704.142;8792.430,16732.197;8738.870,16760.079;8685.419,16787.807;8631.786,16815.375;8578.054,16842.743;8524.348,16869.897;8470.441,16896.950;8416.536,16923.803;8362.376,16950.483;8308.322,16977.009;8254.089,17003.375;8199.754,17029.539;8145.375,17055.577;8090.913,17081.355;8036.432,17106.993;7981.671,17132.468;7927.143,17157.781;7872.281,17182.955;7817.347,17207.917;7762.437,17232.667;7707.457,17257.303;7652.265,17281.688;7597.085,17305.923;7541.873,17329.972;7486.469,17353.918;7431.181,17377.655;7375.620,17401.224;7319.984,17424.582;7264.370,17447.729;7208.690,17470.762;7152.853,17493.619;7097.039,17516.265;7041.101,17538.721;6985.121,17561.053;6929.048,17583.120;6872.846,17605.061;6816.630,17626.806;6760.473,17648.429;6703.954,17669.812;6647.596,17691.034;6591.180,17712.078;6534.519,17732.937;6477.960,17753.658;6421.285,17774.123;6364.483,17794.459;6307.665,17814.601;6250.848,17834.543;6193.966,17854.371;6136.868,17873.940;6079.789,17893.368;6022.668,17912.607;5965.549,17931.647;5908.190,17950.500;5850.869,17969.139;5793.609,17987.659;5736.169,18006.003;5678.630,18024.148;5621.108,18042.086;5563.469,18059.831;5505.907,18077.449;5448.107,18094.810;5390.326,18112.033;5332.505,18129.070;5274.681,18145.905;5216.742,18162.546;5158.763,18179.068;5100.679,18195.321;5042.599,18211.443;4984.475,18227.377;4926.235,18243.115;4868.009,18258.648;4809.786,18273.981;4751.508,18289.202;4693.005,18304.154;4634.642,18318.970;4576.101,18333.606;4517.576,18348.037;4459.051,18362.268;4400.410,18376.302;4341.668,18390.135;4283.121,18403.846;4224.265,18417.382;4165.490,18430.622;4106.712,18443.740;4047.772,18456.671;3988.845,18469.398;3929.981,18482.012;3870.877,18494.355;3811.913,18506.569;3752.709,18518.510;3693.757,18530.321;3634.504,18541.951;3575.388,18553.374;3516.148,18564.601;3456.807,18575.627;3397.655,18586.537;3338.250,18597.174;3278.874,18607.687;3219.492,18617.919;3160.116,18628.032;3100.576,18637.956;3041.157,18647.675;2981.617,18657.198;2922.087,18666.519;2862.513,18675.730;2802.817,18684.660;2743.187,18693.379;2683.622,18701.989;2623.882,18710.409;2564.152,18718.627;2504.356,18726.553;2444.583,18734.364;2384.925,18742.070;2325.020,18749.496;2265.189,18756.712;2205.251,18763.729;2145.493,18770.635;2085.488,18777.259;2025.622,18783.766;1965.691,18790.080;1905.652,18796.194;1845.727,18802.107;1785.689,18807.820;1725.657,18813.332;1665.625,18818.644;1605.488,18823.756;1545.527,18828.761;1485.324,18833.478;1425.258,18838.083;1365.059,18842.398;1304.993,18846.602;1244.861,18850.611;1184.729,18854.421;1124.491,18858.028;1064.363,18861.436;1004.127,18864.643;943.894,18867.650;883.765,18870.457;823.595,18873.160;763.296,18875.568;703.130,18877.871;642.729,18879.878;582.564,18881.780;522.331,18883.484;462.098,18884.988;401.764,18886.291;341.532,18887.393;281.198,18888.296;220.966,18888.997;160.632,18889.499;140.000,18889.637;140.000,21739.687;186.252,21739.401;250.728,21738.802;315.267,21738.102;379.681,21737.105;444.219,21736.006;508.633,21734.609;573.171,21733.111;637.648,21731.414;702.062,21729.419;766.600,21727.321;831.077,21725.025;895.451,21722.530;959.991,21719.932;1024.302,21717.040;1088.783,21713.946;1153.219,21710.749;1217.533,21707.259;1281.971,21703.662;1346.286,21699.773;1410.724,21695.776;1475.101,21691.584;1539.373,21687.193;1603.755,21682.601;1668.027,21677.811;1732.304,21672.820;1796.747,21667.724;1860.853,21662.340;1925.196,21656.845;1989.413,21651.061;2053.646,21645.167;2117.822,21639.079;2181.938,21632.697;2246.178,21626.204;2310.354,21619.515;2374.487,21612.723;2438.504,21605.643;2502.580,21598.356;2566.720,21590.963;2630.737,21583.285;2694.768,21575.493;2758.685,21567.416;2822.724,21559.223;2886.702,21550.839;2950.573,21542.256;3014.451,21533.473;3078.330,21524.490;3142.269,21515.398;3205.978,21506.026;3269.818,21496.535;3333.536,21486.762;3397.267,21476.873;3460.946,21466.793;3524.624,21456.511;3588.304,21446.031;3651.874,21435.353;3715.453,21424.473;3778.983,21413.485;3842.513,21402.215;3906.043,21390.827;3969.352,21379.162;4032.792,21367.373;4096.172,21355.396;4159.553,21343.218;4222.822,21330.844;4286.163,21318.355;4349.272,21305.594;4412.513,21292.706;4475.634,21279.542;4538.763,21266.257;4601.844,21252.782;4664.813,21239.111;4727.795,21225.237;4790.836,21211.250;4853.646,21196.993;4916.586,21182.606;4979.297,21167.950;5042.138,21153.163;5104.921,21138.191;5167.590,21123.023;5230.159,21107.655;5292.801,21092.169;5355.326,21076.413;5417.853,21060.531;5480.337,21044.461;5542.706,21028.195;5605.090,21011.726;5667.358,20995.059;5729.644,20978.191;5791.870,20961.211;5853.939,20944.047;5916.083,20926.590;5978.093,20909.016;6040.251,20891.327;6102.048,20873.386;6163.933,20855.219;6225.877,20836.936;6287.646,20818.475;6349.315,20799.814;6411.003,20780.949;6472.571,20761.889;6534.215,20742.707;6595.628,20723.265;6657.172,20703.683;6718.542,20683.925;6779.930,20663.961;6841.080,20643.810;6902.444,20623.522;6963.495,20603.071;7024.585,20582.409;7085.673,20561.547;7146.525,20540.498;7207.533,20519.229;7268.339,20497.862;7329.128,20476.301;7389.800,20454.548;7450.489,20432.587;7511.061,20410.434;7571.586,20388.161;7632.077,20365.701;7692.448,20343.049;7752.719,20320.198;7812.945,20297.226;7873.083,20273.989;7933.208,20250.617;7993.301,20227.059;8053.272,20203.310;8113.198,20179.440;8172.970,20155.391;8232.763,20131.134;8292.435,20106.685;8352.007,20082.038;8411.655,20057.260;8471.005,20032.322;8530.401,20007.167;8589.795,19981.812;8648.998,19956.353;8708.195,19930.698;8767.267,19904.854;8826.241,19878.809;8885.114,19852.565;8944.063,19826.188;9002.837,19799.645;9061.561,19772.979;9120.085,19746.060;9178.734,19718.983;9237.085,19691.753;9295.483,19664.300;9353.808,19636.735;9411.983,19608.995;9470.181,19581.043;9528.134,19552.915;9586.184,19524.639;9644.059,19496.199;9701.836,19467.561;9759.561,19438.798;9817.137,19409.860;9874.738,19380.710;9932.090,19351.385;9989.541,19321.911;10046.818,19292.274;10103.995,19262.438;10161.121,19232.476;10218.099,19202.341;10274.976,19172.006;10331.803,19141.545;10388.557,19110.823;10445.207,19080.051;10501.764,19049.029;10558.290,19017.870;10614.543,18986.551;10670.848,18955.004;10727.075,18923.345;10783.155,18891.513;10839.181,18859.555;10895.015,18827.351;10950.889,18795.066;11006.522,18762.562;11062.149,18729.905;11117.757,18697.059;11173.111,18664.046;11228.438,18630.889;11283.666,18597.633;11338.702,18564.132;11393.858,18530.459;11448.712,18496.649;11503.539,18462.694;11558.224,18428.566;11612.805,18394.239;11667.461,18359.767;11721.817,18325.159;11776.144,18290.404;11830.330,18255.479;11884.414,18220.354;11938.441,18185.101;11992.327,18149.676;12046.155,18114.123;12099.841,18078.399;12153.298,18042.494;12206.855,18006.423;12260.241,17970.200;12313.400,17933.798;12366.656,17897.226;12419.658,17860.594;12472.543,17823.773;12525.462,17786.731;12578.162,17749.601;12630.750,17712.280;12683.109,17674.780;12735.569,17637.109;12787.898,17599.360;12839.958,17561.461;12892.078,17523.320;12943.979,17485.094;12995.768,17446.674;13047.499,17408.126;13099.090,17369.407;13150.491,17330.582;13201.912,17291.542;13253.113,17252.417;13304.206,17213.100;13355.198,17173.583;13406.129,17133.936;13456.962,17094.189;13507.524,17054.297;13558.186,17014.227;13608.551,16974.035;13658.714,16933.644;13708.977,16893.074;13759.109,16852.429;13808.974,16811.639;13858.770,16770.625;13908.539,16729.550;13957.968,16688.291;14007.532,16646.822;14056.835,16605.304;14106.031,16563.590;14155.035,16521.772;14204.063,16479.733;14252.867,16437.617;14301.600,16395.374;14350.069,16352.989;14398.599,16310.351;14446.902,16267.635;14495.136,16224.794;14543.107,16181.810;14591.172,16138.641;14638.942,16095.358;14686.547,16051.944;14734.213,16008.375;14781.584,15964.694;14828.920,15920.853;14847.045,15903.918
短控制列表:
10,0,0,0,0,0,0,0,0,0,0,0,0,0,0,0,0,0,0,0,0,0,0,0,0,0,0,0,0,0,0,0,0,0,0,0,0,0,0,0,0,0,0,0,0,0,0,0,0,0,0,0,0,0,0,0,0,0,0,0,0,0,0,0,0,0,0,0,0,0,0,0,0,0,0,0,0,0,0,0,0,0,0,0,0,0,0,0,0,0,0,0,0,0,0,0,0,0,0,0,0,0,0,0,0,0,0,0,0,0,0,0,0,0,0,0,0,0,0,0,0,0,0,0,0,0,0,0,0,0,0,0,0,0,0,0,0,0,0,0,0,0,0,0,0,0,0,0,0,0,0,0,0,0,0,0,0,0,0,0,0,0,0,0,0,0,0,0,0,0,0,0,0,0,0,0,0,0,0,0,0,0,0,0,0,0,0,0,0,0,0,0,0,0,0,0,0,0,0,0,0,0,0,0,0,0,0,0,0,0,0,0,0,0,0,0,0,0,0,0,0,0,0,0,0,0,0,0,0,0,0,0,0,0,0,0,0,0,0,0,0,0,0,0,0,0,0,0,0,0,0,0,10,10,0,0,0,0,0,0,0,0,0,0,0,0,0,0,0,0,0,0,0,0,0,0,0,0,0,0,0,0,0,0,0,0,0,0,0,0,0,0,0,0,0,0,0,0,0,0,0,0,0,0,0,0,0,0,0,0,0,0,0,0,0,0,0,0,0,0,0,0,0,0,0,0,0,0,0,0,0,0,0,0,0,0,0,0,0,0,0,0,0,0,0,0,0,0,0,0,0,0,0,0,0,0,0,0,0,0,0,0,0,0,0,0,0,0,0,0,0,0,0,0,0,0,0,0,0,0,0,0,0,0,0,0,0,0,0,0,0,0,0,0,0,0,0,0,0,0,0,0,0,0,0,0,0,0,0,0,0,0,0,0,0,0,0,0,0,0,0,0,0,0,0,0,0,0,0,0,0,0,0,0,0,0,0,0,0,0,0,0,0,0,0,0,0,0,0,0,0,0,0,0,0,0,0,0,0,0,0,0,0,0,0,0,0,0,0,0,0,0,0,0,0,0,0,0,0,0,0,0,0,0,0,0,10
短控制列表2:
45,0,0,0,0,0,0,0,0,0,0,0,0,0,0,0,0,0,0,0,0,0,0,0,0,0,0,0,0,0,0,0,0,0,0,0,0,0,0,0,0,0,0,0,0,0,0,0,0,0,0,0,0,0,0,0,0,0,0,0,0,0,0,0,0,0,0,0,0,0,0,0,0,0,0,0,0,0,0,0,0,0,0,0,0,0,0,0,0,0,0,0,0,0,0,0,0,0,0,0,0,0,0,0,0,0,0,0,0,0,0,0,0,0,0,0,0,0,0,0,0,0,0,0,0,0,0,0,0,0,0,0,0,0,0,0,0,0,0,0,0,0,0,0,0,0,0,0,0,0,0,0,0,0,0,0,0,0,0,0,0,0,0,0,0,0,0,0,0,0,0,0,0,0,0,0,0,0,0,0,0,0,0,0,0,0,0,0,0,0,0,0,0,0,0,0,0,0,0,0,0,0,0,0,0,0,0,0,0,0,0,0,0,0,0,0,0,0,0,0,0,0,0,0,0,0,0,0,0,0,0,0,0,0,0,0,0,0,0,0,0,0,0,0,0,0,0,0,0,0,0,0,45,45,0,0,0,0,0,0,0,0,0,0,0,0,0,0,0,0,0,0,0,0,0,0,0,0,0,0,0,0,0,0,0,0,0,0,0,0,0,0,0,0,0,0,0,0,0,0,0,0,0,0,0,0,0,0,0,0,0,0,0,0,0,0,0,0,0,0,0,0,0,0,0,0,0,0,0,0,0,0,0,0,0,0,0,0,0,0,0,0,0,0,0,0,0,0,0,0,0,0,0,0,0,0,0,0,0,0,0,0,0,0,0,0,0,0,0,0,0,0,0,0,0,0,0,0,0,0,0,0,0,0,0,0,0,0,0,0,0,0,0,0,0,0,0,0,0,0,0,0,0,0,0,0,0,0,0,0,0,0,0,0,0,0,0,0,0,0,0,0,0,0,0,0,0,0,0,0,0,0,0,0,0,0,0,0,0,0,0,0,0,0,0,0,0,0,0,0,0,0,0,0,0,0,0,0,0,0,0,0,0,0,0,0,0,0,0,0,0,0,0,0,0,0,0,0,0,0,0,0,0,0,0,0,45
短控制列表3:
10,0,0,0,0,0,0,0,0,0,0,0,0,0,0,0,0,0,0,0,0,0,0,0,0,0,0,0,0,0,0,0,0,0,0,0,0,0,0,0,0,0,0,0,0,0,0,0,0,0,0,0,0,0,0,0,0,0,0,0,0,0,0,0,0,0,0,0,0,0,0,0,0,0,0,0,0,0,0,0,0,0,0,0,0,0,0,0,0,0,0,0,0,0,0,0,0,0,0,0,0,0,0,0,0,0,0,0,0,0,0,0,0,0,0,0,0,0,0,0,0,0,0,0,0,0,0,0,0,0,0,0,0,0,0,0,0,0,0,0,0,0,0,0,0,0,0,0,0,0,0,0,0,0,0,0,0,0,0,0,0,0,0,0,0,0,0,0,0,0,0,0,0,0,0,0,0,0,0,0,0,0,0,0,0,0,0,0,0,0,0,0,0,0,0,0,0,0,0,0,0,0,0,0,0,0,0,0,0,0,0,0,0,0,0,0,0,0,0,0,0,0,0,0,0,0,0,0,0,0,0,0,0,0,0,0,0,0,0,0,0,0,0,0,0,0,0,0,0,0,0,0,10,10,0,0,0,0,0,0,0,0,0,0,0,0,0,0,0,0,0,0,0,0,0,0,0,0,0,0,0,0,0,0,0,0,0,0,0,0,0,0,0,0,0,0,0,0,0,0,0,0,0,0,0,0,0,0,0,0,0,0,0,0,0,0,0,0,0,0,0,0,0,0,0,0,0,0,0,0,0,0,0,0,0,0,0,0,0,0,0,0,0,0,0,0,0,0,0,0,0,0,0,0,0,0,0,0,0,0,0,0,0,0,0,0,0,0,0,0,0,0,0,0,0,0,0,0,0,0,0,0,0,0,0,0,0,0,0,0,0,0,0,0,0,0,0,0,0,0,0,0,0,0,0,0,0,0,0,0,0,0,0,0,0,0,0,0,0,0,0,0,0,0,0,0,0,0,0,0,0,0,0,0,0,0,0,0,0,0,0,0,0,0,0,0,0,0,0,0,0,0,0,0,0,0,0,0,0,0,0,0,0,0,0,0,0,0,0,0,0,0,0,0,0,0,0,0,0,0,0,0,0,0,0,0,10
短控制列表4:
65,0,0,0,0,0,0,0,0,0,0,0,0,0,0,0,0,0,0,0,0,0,0,0,0,0,0,0,0,0,0,0,0,0,0,0,0,0,0,0,0,0,0,0,0,0,0,0,0,0,0,0,0,0,0,0,0,0,0,0,0,0,0,0,0,0,0,0,0,0,0,0,0,0,0,0,0,0,0,0,0,0,0,0,0,0,0,0,0,0,0,0,0,0,0,0,0,0,0,0,0,0,0,0,0,0,0,0,0,0,0,0,0,0,0,0,0,0,0,0,0,0,0,0,0,0,0,0,0,0,0,0,0,0,0,0,0,0,0,0,0,0,0,0,0,0,0,0,0,0,0,0,0,0,0,0,0,0,0,0,0,0,0,0,0,0,0,0,0,0,0,0,0,0,0,0,0,0,0,0,0,0,0,0,0,0,0,0,0,0,0,0,0,0,0,0,0,0,0,0,0,0,0,0,0,0,0,0,0,0,0,0,0,0,0,0,0,0,0,0,0,0,0,0,0,0,0,0,0,0,0,0,0,0,0,0,0,0,0,0,0,0,0,0,0,0,0,0,0,0,0,0,65,65,0,0,0,0,0,0,0,0,0,0,0,0,0,0,0,0,0,0,0,0,0,0,0,0,0,0,0,0,0,0,0,0,0,0,0,0,0,0,0,0,0,0,0,0,0,0,0,0,0,0,0,0,0,0,0,0,0,0,0,0,0,0,0,0,0,0,0,0,0,0,0,0,0,0,0,0,0,0,0,0,0,0,0,0,0,0,0,0,0,0,0,0,0,0,0,0,0,0,0,0,0,0,0,0,0,0,0,0,0,0,0,0,0,0,0,0,0,0,0,0,0,0,0,0,0,0,0,0,0,0,0,0,0,0,0,0,0,0,0,0,0,0,0,0,0,0,0,0,0,0,0,0,0,0,0,0,0,0,0,0,0,0,0,0,0,0,0,0,0,0,0,0,0,0,0,0,0,0,0,0,0,0,0,0,0,0,0,0,0,0,0,0,0,0,0,0,0,0,0,0,0,0,0,0,0,0,0,0,0,0,0,0,0,0,0,0,0,0,0,0,0,0,0,0,0,0,0,0,0,0,0,0,65
加长控制列表:
0,0,0,0,0,0,0,0,0,0,0,0,0,0,0,0,0,0,0,0,0,0,0,0,0,0,0,0,0,0,0,0,0,0,0,0,0,0,0,0,0,0,0,0,0,0,0,0,0,0,0,0,0,0,0,0,0,0,0,0,0,0,0,0,0,0,0,0,0,0,0,0,0,0,0,0,0,0,0,0,0,0,0,0,0,0,0,0,0,0,0,0,0,0,0,0,0,0,0,0,0,0,0,0,0,0,0,0,0,0,0,0,0,0,0,0,0,0,0,0,0,0,0,0,0,0,0,0,0,0,0,0,0,0,0,0,0,0,0,0,0,0,0,0,0,0,0,0,0,0,0,0,0,0,0,0,0,0,0,0,0,0,0,0,0,0,0,0,0,0,0,0,0,0,0,0,0,0,0,0,0,0,0,0,0,0,0,0,0,0,0,0,0,0,0,0,0,0,0,0,0,0,0,0,0,0,0,0,0,0,0,0,0,0,0,0,0,0,0,0,0,0,0,0,0,0,0,0,0,0,0,0,0,0,0,0,0,0,0,0,0,0,0,0,0,0,0,0,0,0,0,0,0,0,0,0,0,0,0,0,0,0,0,0,0,0,0,0,0,0,0,0,0,0,0,0,0,0,0,0,0,0,0,0,0,0,0,0,0,0,0,0,0,0,0,0,0,0,0,0,0,0,0,0,0,0,0,0,0,0,0,0,0,0,0,0,0,0,0,0,0,0,0,0,0,0,0,0,0,0,0,0,0,0,0,0,0,0,0,0,0,0,0,0,0,0,0,0,0,0,0,0,0,0,0,0,0,0,0,0,0,0,0,0,0,0,0,0,0,0,0,0,0,0,0,0,0,0,0,0,0,0,0,0,0,0,0,0,0,0,0,0,0,0,0,0,0,0,0,0,0,0,0,0,0,0,0,0,0,0,0,0,0,0,0,0,0,0,0,0,0,0,0,0,0,0,0,0,0,0,0,0,0,0,0,0,0,0,0,0,0,0,0,0,0,0,0,0,0,0,0,0,0,0,0,0,0,0,0,0,0,0,0,0,0,0,0,0,0,0,0,0,0,0,0,0,0,0,0,0,0,0,0,0,0,0,0,65,0,0,0,0,0,0,0,0,0,0,0,0,0,0,0,0,0,0,0,0,0,0,0,0,0,0,0,0,0,0,0,0,0,0,0,0,0,0,0,0,0,0,0,0,0,0,0,0,0,0,0,0,0,0,0,0,0,0,0,0,0,0,0,0,0,0,0,0,0,0,0,0,0,0,0,0,0,0,0,0,0,0,0,0,0,0,0,0,0,0,0,0,0,0,0,0,0,0,0,0,0,0,0,0,0,0,0,0,0,0,0,0,0,0,0,0,0,0,0,0,0,0,0,0,0,0,0,0,0,0,0,0,0,0,0,0,0,0,0,0,0,0,0,0,0,0,0,0,0,0,0,0,0,0,0,0,0,0,0,0,0,0,0,0,0,0,0,0,0,0,0,0,0,0,0,0,0,0,0,0,0,0,0,0,0,0,0,0,0,0,0,0,0,0,0,0,0,0,0,0,0,0,0,0,0,0,0,0,0,0,0,0,0,0,0,0,0,0,0,0,0,0,0,0,0,0,0,0,0,0,0,0,0,0,0,0,0,0,0,0,0,0,0,0,0,0,0,0,0,0,0,65,65,0,0,0,0,0,0,0,0,0,0,0,0,0,0,0,0,0,0,0,0,0,0,0,0,0,0,0,0,0,0,0,0,0,0,0,0,0,0,0,0,0,0,0,0,0,0,0,0,0,0,0,0,0,0,0,0,0,0,0,0,0,0,0,0,0,0,0,0,0,0,0,0,0,0,0,0,0,0,0,0,0,0,0,0,0,0,0,0,0,0,0,0,0,0,0,0,0,0,0,0,0,0,0,0,0,0,0,0,0,0,0,0,0,0,0,0,0,0,0,0,0,0,0,0,0,0,0,0,0,0,0,0,0,0,0,0,0,0,0,0,0,0,0,0,0,0,0,0,0,0,0,0,0,0,0,0,0,0,0,0,0,0,0,0,0,0,0,0,0,0,0,0,0,0,0,0,0,0,0,0,0,0,0,0,0,0,0,0,0,0,0,0,0,0,0,0,0,0,0,0,0,0,0,0,0,0,0,0,0,0,0,0,0,0,0,0,0,0,0,0,0,0,0,0,0,0,0,0,0,0,0,0,65
