顶点列表:
14957.120,16183.699;14926.221,16212.202;14878.226,16256.189;14830.128,16299.978;14781.833,16343.664;14733.469,16387.223;14684.970,16430.611;14636.405,16473.869;14587.574,16516.985;14538.710,16559.941;14489.710,16602.729;14440.644,16645.387;14391.348,16687.970;14341.947,16730.357;14292.481,16772.614;14242.879,16814.700;14193.082,16856.682;14143.180,16898.468;14093.213,16940.124;14043.110,16981.610;13992.814,17022.990;13942.409,17064.175;13891.943,17105.230;13841.338,17146.115;13790.670,17186.869;13739.735,17227.477;13688.768,17267.931;13637.662,17308.214;13586.493,17348.367;13535.226,17388.421;13483.651,17428.257;13432.121,17467.980;13380.375,17507.492;13328.645,17546.914;13276.698,17586.126;13224.730,17625.178;13172.531,17664.152;13120.352,17702.911;13067.953,17741.584;13015.444,17780.064;12962.834,17818.344;12910.165,17856.495;12857.225,17894.495;12804.384,17932.324;12751.245,17970.024;12698.204,18007.553;12644.863,18044.952;12591.493,18082.202;12537.981,18119.279;12484.369,18156.157;12430.698,18192.904;12376.757,18229.501;12322.873,18265.858;12268.902,18302.106;12214.702,18338.273;12160.517,18374.229;12106.074,18410.023;12051.688,18445.580;11997.089,18481.045;11942.417,18516.391;11887.602,18551.565;11832.815,18586.521;11777.771,18621.312;11722.699,18655.958;11667.483,18690.430;11612.211,18724.775;11556.795,18758.947;11501.278,18792.919;11445.705,18826.762;11390.116,18860.418;11334.316,18893.978;11278.353,18927.276;11222.426,18960.492;11166.262,18993.488;11110.089,19026.331;11053.897,19058.985;10997.498,19091.542;10884.531,19156.037;10827.741,19188.046;10770.966,19219.888;10714.173,19251.540;10657.301,19283.081;10600.153,19314.462;10543.058,19345.613;10485.838,19376.580;10428.564,19407.419;10371.141,19438.084;10313.620,19468.549;10256.048,19498.887;10198.326,19529.051;10140.629,19559.002;10082.730,19588.853;10024.832,19618.502;9966.810,19647.965;9908.687,19677.228;9850.513,19706.365;9792.190,19735.326;9733.891,19764.075;9675.393,19792.724;9616.893,19821.172;9558.269,19849.432;9499.544,19877.492;9440.771,19905.427;9322.996,19960.709;9263.921,19988.092;9204.846,20015.326;9145.622,20042.383;9086.296,20069.240;9026.994,20095.886;8967.497,20122.430;8907.992,20148.776;8848.491,20174.921;8788.794,20200.963;8729.039,20226.731;8669.264,20252.363;8609.337,20277.816;8549.364,20303.148;8489.306,20328.214;8429.232,20353.145;8369.004,20377.897;8308.680,20402.449;8248.425,20426.871;8187.945,20451.043;8127.592,20475.065;8066.943,20498.923;8006.390,20522.644;7945.609,20546.115;7884.955,20569.435;7824.127,20592.584;7763.199,20615.534;7702.224,20638.361;7641.162,20660.921;7580.088,20683.348;7518.980,20705.588;7457.751,20727.635;7396.477,20749.561;7335.113,20771.220;7273.619,20792.752;7212.229,20814.084;7150.581,20835.235;7088.972,20856.173;7027.415,20876.991;6965.631,20897.553;6903.857,20917.978;6842.046,20938.215;6780.116,20958.257;6718.142,20978.181;6656.075,20997.834;6594.001,21017.357;6531.889,21036.692;6469.659,21055.832;6407.329,21074.772;6345.134,21093.501;6282.743,21112.128;6220.330,21130.562;6157.743,21148.717;6095.286,21166.733;6032.713,21184.654;5970.043,21202.302;5907.312,21219.739;5844.655,21237.055;5781.825,21254.191;5719.010,21271.122;5656.080,21287.857;5593.165,21304.387;5530.134,21320.721;5467.176,21336.936;5404.103,21352.880;5340.916,21368.702;5277.814,21384.327;5214.584,21399.759;5151.254,21414.991;5087.936,21430.018;5024.679,21444.933;4961.190,21459.577;4897.831,21474.090;4834.301,21488.420;4770.784,21502.546;4707.153,21516.475;4643.536,21530.201;4579.917,21543.726;4516.247,21557.141;4452.470,21570.278;4388.810,21583.290;4324.980,21596.116;4261.050,21608.742;4197.243,21621.163;4133.313,21633.388;4069.283,21645.413;4005.375,21657.233;3941.404,21668.946;3877.275,21680.470;3813.095,21691.701;3749.035,21702.812;3684.916,21713.732;3620.685,21724.454;3556.466,21734.974;3492.245,21745.293;3427.976,21755.504;3363.597,21765.433;3299.336,21775.242;3234.955,21784.769;3170.586,21794.179;3106.164,21803.397;3041.636,21812.415;2977.224,21821.231;2912.695,21829.848;2848.174,21838.264;2783.605,21846.572;2719.032,21854.595;2654.462,21862.502;2589.781,21870.125;2525.220,21877.632;2460.493,21884.947;2395.770,21892.061;2331.048,21898.974;2266.326,21905.687;2201.605,21912.199;2136.883,21918.511;2072.055,21924.623;2007.294,21930.630;1942.410,21936.346;1877.648,21941.951;1812.722,21947.362;1747.844,21952.477;1682.977,21957.482;1618.054,21962.291;1553.132,21966.899;1488.210,21971.308;1423.348,21975.612;1358.364,21979.624;1293.338,21983.432;1228.480,21987.135;1163.393,21990.546;1098.431,21993.848;1033.409,21996.955;968.324,21999.763;903.363,22002.465;838.340,22004.970;773.317,22007.275;708.294,22009.379;643.169,22011.283;578.209,22013.085;513.124,22014.589;448.061,22015.991;382.978,22017.094;317.915,22018.095;252.832,22018.798;187.769,22019.398;140.000,22019.692;140.000,24260.000;2710.000,24260.000;2709.999,24815.131;2716.522,24814.429;2785.371,24806.935;2853.995,24799.156;2922.736,24791.260;2991.367,24783.081;3060.109,24774.788;3128.688,24766.303;3197.274,24757.617;3265.861,24748.731;3334.340,24739.647;3402.933,24730.362;3471.470,24720.970;3539.900,24711.294;3608.278,24701.411;3676.722,24691.420;3745.109,24681.236;3813.496,24670.853;3881.884,24660.271;3950.161,24649.490;4018.449,24638.507;4086.628,24627.327;4154.813,24615.946;4223.059,24604.455;4291.190,24592.684;4359.324,24580.794;4427.413,24568.715;4495.391,24556.437;4563.489,24543.955;4631.467,24531.278;4699.345,24518.401;4767.289,24505.412;4835.122,24492.144;4902.957,24478.757;4970.689,24465.090;5038.533,24451.301;5106.212,24437.327;5173.900,24423.150;5241.590,24408.773;5309.223,24394.287;5376.757,24379.523;5444.290,24364.638;5511.725,24349.474;5579.158,24334.190;5646.548,24318.715;5713.938,24303.040;5781.216,24287.169;5848.561,24271.182;5915.684,24254.924;5982.930,24238.537;6050.007,24221.967;6117.044,24205.108;6184.076,24188.125;6251.122,24171.039;6318.060,24153.681;6384.937,24136.113;6451.769,24118.431;6518.561,24100.559;6585.353,24082.488;6652.031,24064.221;6718.609,24045.755;6785.202,24027.085;6851.733,24008.304;6918.173,23989.250;6984.720,23970.065;7051.098,23950.701;7117.375,23931.136;7183.723,23911.452;7249.848,23891.504;7316.095,23871.420;7382.120,23851.074;7448.151,23830.595;7514.146,23809.928;7580.193,23789.144;7645.903,23768.105;7711.867,23746.916;7777.529,23725.561;7843.224,23703.995;7908.920,23682.230;7974.500,23660.270;8040.029,23638.193;8105.357,23615.852;8170.805,23593.370;8236.201,23570.705;8301.363,23547.854;8366.729,23524.865;8431.739,23501.633;8496.888,23478.250;8561.868,23454.695;8626.798,23431.020;8691.645,23407.076;8756.475,23383.002;8821.223,23358.659;8885.954,23334.185;8950.584,23309.611;9015.014,23284.777;9079.563,23259.796;9143.944,23234.643;9208.344,23209.282;9272.504,23183.737;9336.706,23157.977;9400.835,23132.105;9464.937,23106.045;9528.916,23079.794;9592.846,23053.422;9656.579,23026.792;9720.429,23000.013;9783.990,22973.072;9847.762,22945.984;9911.174,22918.664;9974.604,22891.194;10038.007,22863.537;10101.289,22835.688;10164.640,22807.709;10227.701,22779.571;10290.805,22751.215;10353.787,22722.668;10416.670,22693.921;10479.500,22665.052;10542.306,22635.997;10604.914,22606.840;10667.471,22577.406;10730.001,22547.839;10792.385,22518.094;10854.791,22488.140;10916.998,22458.084;10979.205,22427.829;11041.289,22397.385;11103.320,22366.820;11165.158,22336.000;11227.111,22305.023;11288.819,22273.969;11350.480,22242.639;11412.112,22211.174;11473.597,22179.533;11535.028,22147.769;11596.313,22115.828;11657.499,22083.688;11718.584,22051.348;11779.739,22018.872;11840.602,21986.246;11901.512,21953.394;11962.219,21920.444;12022.885,21887.217;12083.561,21853.931;12144.002,21820.418;12204.435,21786.755;12264.722,21752.918;12324.954,21718.957;12385.042,21684.821;12445.153,21650.470;12505.061,21616.024;12624.706,21546.513;12684.227,21511.518;12743.759,21476.359;12803.274,21441.009;12862.579,21405.565;12921.895,21369.916;12980.959,21334.098;13040.117,21298.123;13098.981,21262.006;13157.897,21225.657;13216.604,21189.215;13275.321,21152.567;13333.827,21115.826;13392.345,21078.878;13450.611,21041.763;13508.843,21004.506;13567.061,20967.058;13625.027,20929.445;13682.960,20891.689;13740.752,20853.759;13798.487,20815.703;13856.078,20777.474;13913.572,20739.045;13971.005,20700.489;14028.300,20661.762;14085.532,20622.906;14142.627,20583.878;14199.495,20544.669;14256.456,20505.296;14313.163,20465.860;14369.846,20426.142;14426.392,20386.380;14482.749,20346.381;14539.083,20306.228;14595.319,20265.974;14651.414,20225.549;14707.283,20184.943;14763.246,20144.171;14818.915,20103.266;14874.678,20062.194;14930.148,20020.990;14985.583,19979.638;15040.754,19938.135;15061.413,19922.520;14715.144,19576.251;16532.407,17758.987
短控制列表:
10,0,10,0,0,0,0,0,0,0,0,0,0,0,0,0,0,0,0,0,0,0,0,0,0,0,0,0,0,0,0,0,0,0,0,0,0,0,0,0,0,0,0,0,0,0,0,0,0,0,0,0,0,0,0,0,0,0,0,0,0,0,0,0,0,0,0,0,0,0,0,0,0,0,0,0,0,0,0,0,0,0,0,0,0,0,0,0,0,0,0,0,0,0,0,0,0,0,0,0,0,0,0,0,0,0,0,0,0,0,0,0,0,0,0,0,0,0,0,0,0,0,0,0,0,0,0,0,0,0,0,0,0,0,0,0,0,0,0,0,0,0,0,0,0,0,0,0,0,0,0,0,0,0,0,0,0,0,0,0,0,0,0,0,0,0,0,0,0,0,0,0,0,0,0,0,0,0,0,0,0,0,0,0,0,0,0,0,0,0,0,0,0,0,0,0,0,10,0,10,10,0,0,0,0,0,0,0,0,0,0,0,0,0,0,0,0,0,0,0,0,0,0,0,0,0,0,0,0,0,0,0,0,0,0,0,0,0,0,0,0,0,0,0,0,0,0,0,0,0,0,0,0,0,0,0,0,0,0,0,0,0,0,0,0,0,0,0,0,0,0,0,0,0,0,0,0,0,0,0,0,0,0,0,0,0,0,0,0,0,0,0,0,0,0,0,0,0,0,0,0,0,0,0,0,0,0,0,0,0,0,0,0,0,0,0,0,0,0,0,0,0,0,0,0,0,0,0,0,0,0,0,0,0,0,0,0,0,0,0,0,0,0,0,0,0,0,0,0,0,0,0,0,0,0,0,0,0,0,0,0,0,0,0,0,0,0,0,0,0,0,0,0,0,0,0,0,0,0,0,0,0,0,0,0,0,0,0,0,0,0,0,0,0,0,0,0,0,0,0,0,0,0,0,0,0,0,0,0,0,0,0,0,0,0,0,0,0,0,0,0,0,0,0,0,0,0,0,0,0,0,0,0,0,0,0,0,0,0,0,0,0,0,0,0,0,0,0,0,10
短控制列表2:
45,0,45,0,0,0,0,0,0,0,0,0,0,0,0,0,0,0,0,0,0,0,0,0,0,0,0,0,0,0,0,0,0,0,0,0,0,0,0,0,0,0,0,0,0,0,0,0,0,0,0,0,0,0,0,0,0,0,0,0,0,0,0,0,0,0,0,0,0,0,0,0,0,0,0,0,0,0,0,0,0,0,0,0,0,0,0,0,0,0,0,0,0,0,0,0,0,0,0,0,0,0,0,0,0,0,0,0,0,0,0,0,0,0,0,0,0,0,0,0,0,0,0,0,0,0,0,0,0,0,0,0,0,0,0,0,0,0,0,0,0,0,0,0,0,0,0,0,0,0,0,0,0,0,0,0,0,0,0,0,0,0,0,0,0,0,0,0,0,0,0,0,0,0,0,0,0,0,0,0,0,0,0,0,0,0,0,0,0,0,0,0,0,0,0,0,0,45,0,45,45,0,0,0,0,0,0,0,0,0,0,0,0,0,0,0,0,0,0,0,0,0,0,0,0,0,0,0,0,0,0,0,0,0,0,0,0,0,0,0,0,0,0,0,0,0,0,0,0,0,0,0,0,0,0,0,0,0,0,0,0,0,0,0,0,0,0,0,0,0,0,0,0,0,0,0,0,0,0,0,0,0,0,0,0,0,0,0,0,0,0,0,0,0,0,0,0,0,0,0,0,0,0,0,0,0,0,0,0,0,0,0,0,0,0,0,0,0,0,0,0,0,0,0,0,0,0,0,0,0,0,0,0,0,0,0,0,0,0,0,0,0,0,0,0,0,0,0,0,0,0,0,0,0,0,0,0,0,0,0,0,0,0,0,0,0,0,0,0,0,0,0,0,0,0,0,0,0,0,0,0,0,0,0,0,0,0,0,0,0,0,0,0,0,0,0,0,0,0,0,0,0,0,0,0,0,0,0,0,0,0,0,0,0,0,0,0,0,0,0,0,0,0,0,0,0,0,0,0,0,0,0,0,0,0,0,0,0,0,0,0,0,0,0,0,0,0,0,0,45
短控制列表3:
10,0,10,0,0,0,0,0,0,0,0,0,0,0,0,0,0,0,0,0,0,0,0,0,0,0,0,0,0,0,0,0,0,0,0,0,0,0,0,0,0,0,0,0,0,0,0,0,0,0,0,0,0,0,0,0,0,0,0,0,0,0,0,0,0,0,0,0,0,0,0,0,0,0,0,0,0,0,0,0,0,0,0,0,0,0,0,0,0,0,0,0,0,0,0,0,0,0,0,0,0,0,0,0,0,0,0,0,0,0,0,0,0,0,0,0,0,0,0,0,0,0,0,0,0,0,0,0,0,0,0,0,0,0,0,0,0,0,0,0,0,0,0,0,0,0,0,0,0,0,0,0,0,0,0,0,0,0,0,0,0,0,0,0,0,0,0,0,0,0,0,0,0,0,0,0,0,0,0,0,0,0,0,0,0,0,0,0,0,0,0,0,0,0,0,0,0,10,0,10,10,0,0,0,0,0,0,0,0,0,0,0,0,0,0,0,0,0,0,0,0,0,0,0,0,0,0,0,0,0,0,0,0,0,0,0,0,0,0,0,0,0,0,0,0,0,0,0,0,0,0,0,0,0,0,0,0,0,0,0,0,0,0,0,0,0,0,0,0,0,0,0,0,0,0,0,0,0,0,0,0,0,0,0,0,0,0,0,0,0,0,0,0,0,0,0,0,0,0,0,0,0,0,0,0,0,0,0,0,0,0,0,0,0,0,0,0,0,0,0,0,0,0,0,0,0,0,0,0,0,0,0,0,0,0,0,0,0,0,0,0,0,0,0,0,0,0,0,0,0,0,0,0,0,0,0,0,0,0,0,0,0,0,0,0,0,0,0,0,0,0,0,0,0,0,0,0,0,0,0,0,0,0,0,0,0,0,0,0,0,0,0,0,0,0,0,0,0,0,0,0,0,0,0,0,0,0,0,0,0,0,0,0,0,0,0,0,0,0,0,0,0,0,0,0,0,0,0,0,0,0,0,0,0,0,0,0,0,0,0,0,0,0,0,0,0,0,0,0,10
短控制列表4:
65,0,65,0,0,0,0,0,0,0,0,0,0,0,0,0,0,0,0,0,0,0,0,0,0,0,0,0,0,0,0,0,0,0,0,0,0,0,0,0,0,0,0,0,0,0,0,0,0,0,0,0,0,0,0,0,0,0,0,0,0,0,0,0,0,0,0,0,0,0,0,0,0,0,0,0,0,0,0,0,0,0,0,0,0,0,0,0,0,0,0,0,0,0,0,0,0,0,0,0,0,0,0,0,0,0,0,0,0,0,0,0,0,0,0,0,0,0,0,0,0,0,0,0,0,0,0,0,0,0,0,0,0,0,0,0,0,0,0,0,0,0,0,0,0,0,0,0,0,0,0,0,0,0,0,0,0,0,0,0,0,0,0,0,0,0,0,0,0,0,0,0,0,0,0,0,0,0,0,0,0,0,0,0,0,0,0,0,0,0,0,0,0,0,0,0,0,65,0,65,65,0,0,0,0,0,0,0,0,0,0,0,0,0,0,0,0,0,0,0,0,0,0,0,0,0,0,0,0,0,0,0,0,0,0,0,0,0,0,0,0,0,0,0,0,0,0,0,0,0,0,0,0,0,0,0,0,0,0,0,0,0,0,0,0,0,0,0,0,0,0,0,0,0,0,0,0,0,0,0,0,0,0,0,0,0,0,0,0,0,0,0,0,0,0,0,0,0,0,0,0,0,0,0,0,0,0,0,0,0,0,0,0,0,0,0,0,0,0,0,0,0,0,0,0,0,0,0,0,0,0,0,0,0,0,0,0,0,0,0,0,0,0,0,0,0,0,0,0,0,0,0,0,0,0,0,0,0,0,0,0,0,0,0,0,0,0,0,0,0,0,0,0,0,0,0,0,0,0,0,0,0,0,0,0,0,0,0,0,0,0,0,0,0,0,0,0,0,0,0,0,0,0,0,0,0,0,0,0,0,0,0,0,0,0,0,0,0,0,0,0,0,0,0,0,0,0,0,0,0,0,0,0,0,0,0,0,0,0,0,0,0,0,0,0,0,0,0,0,65
加长控制列表:
0,0,0,0,0,0,0,0,0,0,0,0,0,0,0,0,0,0,0,0,0,0,0,0,0,0,0,0,0,0,0,0,0,0,0,0,0,0,0,0,0,0,0,0,0,0,0,0,0,0,0,0,0,0,0,0,0,0,0,0,0,0,0,0,0,0,0,0,0,0,0,0,0,0,0,0,0,0,0,0,0,0,0,0,0,0,0,0,0,0,0,0,0,0,0,0,0,0,0,0,0,0,0,0,0,0,0,0,0,0,0,0,0,0,0,0,0,0,0,0,0,0,0,0,0,0,0,0,0,0,0,0,0,0,0,0,0,0,0,0,0,0,0,0,0,0,0,0,0,0,0,0,0,0,0,0,0,0,0,0,0,0,0,0,0,0,0,0,0,0,0,0,0,0,0,0,0,0,0,0,0,0,0,0,0,0,0,0,0,0,0,0,0,0,0,0,0,0,0,0,0,0,0,0,0,0,0,0,0,0,0,0,0,0,0,0,0,0,0,0,0,0,0,0,0,0,0,0,0,0,0,0,0,0,0,0,0,0,0,0,0,0,0,0,0,0,0,0,0,0,0,0,0,0,0,0,0,0,0,0,0,0,0,0,0,0,0,0,0,0,0,0,0,0,0,0,0,0,0,0,0,0,0,0,0,0,0,0,0,0,0,0,0,0,0,0,0,0,0,0,0,0,0,0,0,0,0,0,0,0,0,0,0,0,0,0,0,0,0,0,0,0,0,0,0,0,0,0,0,0,0,0,0,0,0,0,0,0,0,0,0,0,0,0,0,0,0,0,0,0,0,0,0,0,0,0,0,0,0,0,0,0,0,0,0,0,0,0,0,0,0,0,0,0,0,0,0,0,0,0,0,0,0,0,0,0,0,0,0,0,0,0,0,0,0,0,0,0,0,0,0,0,0,0,0,0,0,0,0,0,0,0,0,0,0,0,0,0,0,0,0,0,0,0,0,0,0,0,0,0,0,0,0,0,0,0,0,0,0,0,0,0,0,0,0,0,0,0,0,0,65,0,65,0,0,0,0,0,0,0,0,0,0,0,0,0,0,0,0,0,0,0,0,0,0,0,0,0,0,0,0,0,0,0,0,0,0,0,0,0,0,0,0,0,0,0,0,0,0,0,0,0,0,0,0,0,0,0,0,0,0,0,0,0,0,0,0,0,0,0,0,0,0,0,0,0,0,0,0,0,0,0,0,0,0,0,0,0,0,0,0,0,0,0,0,0,0,0,0,0,0,0,0,0,0,0,0,0,0,0,0,0,0,0,0,0,0,0,0,0,0,0,0,0,0,0,0,0,0,0,0,0,0,0,0,0,0,0,0,0,0,0,0,0,0,0,0,0,0,0,0,0,0,0,0,0,0,0,0,0,0,0,0,0,0,0,0,0,0,0,0,0,0,0,0,0,0,0,0,0,0,0,0,0,0,0,0,0,0,0,0,0,0,0,0,0,0,65,0,65,65,0,0,0,0,0,0,0,0,0,0,0,0,0,0,0,0,0,0,0,0,0,0,0,0,0,0,0,0,0,0,0,0,0,0,0,0,0,0,0,0,0,0,0,0,0,0,0,0,0,0,0,0,0,0,0,0,0,0,0,0,0,0,0,0,0,0,0,0,0,0,0,0,0,0,0,0,0,0,0,0,0,0,0,0,0,0,0,0,0,0,0,0,0,0,0,0,0,0,0,0,0,0,0,0,0,0,0,0,0,0,0,0,0,0,0,0,0,0,0,0,0,0,0,0,0,0,0,0,0,0,0,0,0,0,0,0,0,0,0,0,0,0,0,0,0,0,0,0,0,0,0,0,0,0,0,0,0,0,0,0,0,0,0,0,0,0,0,0,0,0,0,0,0,0,0,0,0,0,0,0,0,0,0,0,0,0,0,0,0,0,0,0,0,0,0,0,0,0,0,0,0,0,0,0,0,0,0,0,0,0,0,0,0,0,0,0,0,0,0,0,0,0,0,0,0,0,0,0,0,0,0,0,0,0,0,0,0,0,0,0,0,0,0,0,0,0,0,0,65
