顶点列表:
6440.330,6956.519;6414.900,6980.000;6383.399,7008.800;6351.800,7037.400;6320.100,7065.900;6288.300,7094.300;6256.300,7122.500;6224.200,7150.500;6192.000,7178.500;6159.600,7206.200;6127.100,7233.900;6094.500,7261.400;6061.800,7288.700;6029.000,7315.900;5996.000,7342.900;5962.900,7369.801;5929.700,7396.600;5896.399,7423.200;5862.900,7449.600;5829.400,7475.900;5795.700,7502.000;5761.900,7528.000;5728.001,7553.900;5659.800,7605.100;5625.500,7630.500;5591.200,7655.700;5556.700,7680.800;5522.100,7705.700;5487.400,7730.400;5452.500,7755.000;5417.600,7779.500;5382.600,7803.800;5347.400,7827.900;5312.100,7851.900;5276.800,7875.700;5241.300,7899.300;5205.700,7922.800;5170.000,7946.200;5134.201,7969.300;5098.300,7992.300;5062.400,8015.200;5026.300,8037.900;4990.000,8060.400;4953.700,8082.800;4917.300,8105.000;4880.800,8127.000;4844.200,8148.900;4807.500,8170.600;4770.700,8192.100;4733.801,8213.500;4696.900,8234.700;4659.800,8255.700;4622.600,8276.600;4585.300,8297.300;4548.000,8317.900;4510.500,8338.200;4473.000,8358.400;4435.300,8378.500;4397.600,8398.300;4359.800,8418.000;4321.900,8437.500;4283.900,8456.900;4245.800,8476.100;4207.600,8495.100;4169.400,8513.899;4131.000,8532.600;4092.600,8551.100;4054.100,8569.400;4015.500,8587.600;3976.900,8605.499;3938.100,8623.300;3899.299,8640.900;3860.400,8658.399;3821.400,8675.700;3782.400,8692.800;3743.200,8709.700;3704.000,8726.400;3664.700,8743.000;3625.400,8759.400;3585.900,8775.600;3546.400,8791.700;3506.900,8807.500;3467.200,8823.200;3427.500,8838.700;3387.700,8854.000;3347.900,8869.200;3307.900,8884.201;3227.900,8913.600;3187.800,8928.000;3147.600,8942.200;3107.299,8956.300;3067.000,8970.200;3026.600,8983.900;2986.200,8997.400;2945.700,9010.701;2905.100,9023.900;2864.500,9036.900;2823.900,9049.700;2783.100,9062.300;2742.300,9074.700;2701.500,9086.901;2660.600,9099.000;2619.600,9110.900;2578.600,9122.600;2537.600,9134.100;2496.500,9145.399;2455.300,9156.500;2414.100,9167.500;2372.900,9178.200;2331.600,9188.800;2290.200,9199.200;2248.800,9209.400;2207.400,9219.400;2165.900,9229.300;2124.300,9238.900;2082.800,9248.399;2041.100,9257.700;1999.500,9266.800;1957.800,9275.700;1916.100,9284.400;1874.300,9292.900;1832.500,9301.200;1790.600,9309.399;1748.701,9317.300;1706.799,9325.100;1664.800,9332.700;1622.901,9340.100;1580.800,9347.300;1538.800,9354.300;1496.700,9361.100;1454.600,9367.799;1412.400,9374.200;1370.200,9380.500;1328.000,9386.500;1285.800,9392.400;1243.600,9398.100;1201.300,9403.600;1159.000,9408.900;1116.600,9414.000;1074.300,9418.900;1031.900,9423.700;989.500,9428.200;947.100,9432.600;904.700,9436.700;862.199,9440.700;819.699,9444.500;777.301,9448.100;734.800,9451.500;692.200,9454.700;649.700,9457.700;607.200,9460.500;564.600,9463.199;522.000,9465.600;479.500,9467.900;436.899,9469.900;394.300,9471.800;351.700,9473.501;309.100,9475.000;266.400,9476.300;223.800,9477.400;181.200,9478.300;138.600,9479.000;95.900,9479.500;75.000,9479.696;75.000,12399.784;121.900,12399.400;170.600,12398.800;219.400,12398.100;268.100,12397.100;316.900,12396.000;365.600,12394.600;414.300,12393.100;463.100,12391.400;511.800,12389.400;560.500,12387.300;609.200,12385.000;657.900,12382.500;706.600,12379.900;755.200,12377.001;803.901,12373.900;852.600,12370.700;901.201,12367.200;949.800,12363.599;998.400,12359.800;1047.000,12355.700;1095.600,12351.500;1144.100,12347.100;1192.700,12342.500;1241.200,12337.700;1289.700,12332.800;1338.200,12327.600;1386.600,12322.200;1435.100,12316.700;1483.499,12311.000;1531.900,12305.000;1580.300,12298.900;1628.600,12292.600;1676.900,12286.100;1725.201,12279.400;1773.500,12272.500;1821.700,12265.500;1869.900,12258.200;1918.100,12250.800;1966.300,12243.100;2014.399,12235.300;2062.500,12227.300;2110.499,12219.100;2158.600,12210.700;2206.600,12202.100;2254.500,12193.300;2302.499,12184.400;2350.301,12175.200;2398.200,12165.900;2446.000,12156.400;2493.800,12146.700;2541.499,12136.800;2589.200,12126.700;2636.899,12116.400;2684.500,12105.900;2732.100,12095.300;2779.600,12084.500;2827.101,12073.400;2874.600,12062.200;2922.000,12050.799;2969.300,12039.200;3016.700,12027.500;3063.900,12015.500;3111.099,12003.400;3158.300,11991.100;3205.400,11978.501;3252.500,11965.800;3299.500,11953.000;3346.500,11939.900;3393.400,11926.700;3440.300,11913.200;3487.100,11899.600;3533.900,11885.800;3580.600,11871.800;3627.200,11857.600;3673.800,11843.300;3720.400,11828.700;3766.800,11814.000;3813.300,11799.100;3859.600,11784.000;3905.900,11768.800;3952.200,11753.301;3998.400,11737.700;4044.499,11721.900;4090.500,11705.900;4136.500,11689.700;4182.500,11673.400;4228.300,11656.800;4274.100,11640.101;4319.900,11623.200;4365.500,11606.100;4411.100,11588.900;4456.700,11571.500;4502.100,11553.800;4547.500,11536.000;4592.800,11518.101;4638.100,11499.900;4683.300,11481.600;4728.400,11463.100;4773.400,11444.400;4818.400,11425.600;4863.300,11406.500;4908.100,11387.300;4952.800,11367.900;4997.501,11348.400;5042.100,11328.600;5086.600,11308.700;5131.000,11288.601;5175.300,11268.400;5219.600,11247.900;5263.800,11227.300;5307.900,11206.500;5351.900,11185.600;5395.800,11164.500;5439.700,11143.200;5483.501,11121.700;5527.200,11100.000;5570.800,11078.200;5614.301,11056.200;5657.700,11034.100;5701.000,11011.700;5744.300,10989.200;5787.500,10966.600;5830.501,10943.700;5873.500,10920.700;5916.400,10897.500;5959.200,10874.200;6001.900,10850.700;6044.500,10827.000;6087.100,10803.100;6129.500,10779.100;6171.800,10754.900;6214.100,10730.600;6256.200,10706.099;6298.300,10681.400;6340.200,10656.500;6382.100,10631.500;6423.800,10606.400;6465.500,10581.000;6507.000,10555.500;6548.500,10529.800;6589.800,10504.000;6631.100,10478.000;6672.199,10451.900;6713.299,10425.600;6754.200,10399.101;6795.000,10372.400;6835.800,10345.599;6876.400,10318.700;6916.900,10291.600;6957.300,10264.300;6997.600,10236.900;7037.800,10209.300;7077.900,10181.500;7117.900,10153.600;7157.800,10125.500;7197.500,10097.300;7237.200,10068.900;7276.700,10040.400;7316.100,10011.700;7355.400,9982.900;7394.600,9953.900;7433.700,9924.700;7472.700,9895.400;7511.500,9866.000;7550.300,9836.400;7588.900,9806.600;7627.400,9776.700;7665.800,9746.600;7704.000,9716.400;7742.200,9686.000;7780.200,9655.500;7818.100,9624.800;7855.900,9594.000;7893.500,9563.099;7931.100,9532.000;7968.500,9500.700;8005.800,9469.300;8043.000,9437.700;8080.000,9406.000;8116.900,9374.199;8153.701,9342.200;8190.400,9310.100;8226.900,9277.800;8263.400,9245.400;8299.600,9212.800;8335.800,9180.100;8371.800,9147.299;8407.700,9114.300;8443.500,9081.200;8479.101,9047.900;8506.244,9022.433
短控制列表:
50,0,0,0,0,0,0,0,0,0,0,0,0,0,0,0,0,0,0,0,0,0,0,0,0,0,0,0,0,0,0,0,0,0,0,0,0,0,0,0,0,0,0,0,0,0,0,0,0,0,0,0,0,0,0,0,0,0,0,0,0,0,0,0,0,0,0,0,0,0,0,0,0,0,0,0,0,0,0,0,0,0,0,0,0,0,0,0,0,0,0,0,0,0,0,0,0,0,0,0,0,0,0,0,0,0,0,0,0,0,0,0,0,0,0,0,0,0,0,0,0,0,0,0,0,0,0,0,0,0,0,0,0,0,0,0,0,0,0,0,0,0,0,0,0,0,0,0,0,0,0,0,0,0,0,0,0,0,0,0,0,0,0,0,0,0,0,0,0,0,0,0,0,0,0,0,0,0,0,0,0,0,0,0,0,0,0,0,0,0,0,50,50,0,0,0,0,0,0,0,0,0,0,0,0,0,0,0,0,0,0,0,0,0,0,0,0,0,0,0,0,0,0,0,0,0,0,0,0,0,0,0,0,0,0,0,0,0,0,0,0,0,0,0,0,0,0,0,0,0,0,0,0,0,0,0,0,0,0,0,0,0,0,0,0,0,0,0,0,0,0,0,0,0,0,0,0,0,0,0,0,0,0,0,0,0,0,0,0,0,0,0,0,0,0,0,0,0,0,0,0,0,0,0,0,0,0,0,0,0,0,0,0,0,0,0,0,0,0,0,0,0,0,0,0,0,0,0,0,0,0,0,0,0,0,0,0,0,0,0,0,0,0,0,0,0,0,0,0,0,0,0,0,0,0,50
短控制列表2:
45,0,0,0,0,0,0,0,0,0,0,0,0,0,0,0,0,0,0,0,0,0,0,0,0,0,0,0,0,0,0,0,0,0,0,0,0,0,0,0,0,0,0,0,0,0,0,0,0,0,0,0,0,0,0,0,0,0,0,0,0,0,0,0,0,0,0,0,0,0,0,0,0,0,0,0,0,0,0,0,0,0,0,0,0,0,0,0,0,0,0,0,0,0,0,0,0,0,0,0,0,0,0,0,0,0,0,0,0,0,0,0,0,0,0,0,0,0,0,0,0,0,0,0,0,0,0,0,0,0,0,0,0,0,0,0,0,0,0,0,0,0,0,0,0,0,0,0,0,0,0,0,0,0,0,0,0,0,0,0,0,0,0,0,0,0,0,0,0,0,0,0,0,0,0,0,0,0,0,0,0,0,0,0,0,0,0,0,0,0,0,45,45,0,0,0,0,0,0,0,0,0,0,0,0,0,0,0,0,0,0,0,0,0,0,0,0,0,0,0,0,0,0,0,0,0,0,0,0,0,0,0,0,0,0,0,0,0,0,0,0,0,0,0,0,0,0,0,0,0,0,0,0,0,0,0,0,0,0,0,0,0,0,0,0,0,0,0,0,0,0,0,0,0,0,0,0,0,0,0,0,0,0,0,0,0,0,0,0,0,0,0,0,0,0,0,0,0,0,0,0,0,0,0,0,0,0,0,0,0,0,0,0,0,0,0,0,0,0,0,0,0,0,0,0,0,0,0,0,0,0,0,0,0,0,0,0,0,0,0,0,0,0,0,0,0,0,0,0,0,0,0,0,0,0,45
短控制列表3:
10,0,0,0,0,0,0,0,0,0,0,0,0,0,0,0,0,0,0,0,0,0,0,0,0,0,0,0,0,0,0,0,0,0,0,0,0,0,0,0,0,0,0,0,0,0,0,0,0,0,0,0,0,0,0,0,0,0,0,0,0,0,0,0,0,0,0,0,0,0,0,0,0,0,0,0,0,0,0,0,0,0,0,0,0,0,0,0,0,0,0,0,0,0,0,0,0,0,0,0,0,0,0,0,0,0,0,0,0,0,0,0,0,0,0,0,0,0,0,0,0,0,0,0,0,0,0,0,0,0,0,0,0,0,0,0,0,0,0,0,0,0,0,0,0,0,0,0,0,0,0,0,0,0,0,0,0,0,0,0,0,0,0,0,0,0,0,0,0,0,0,0,0,0,0,0,0,0,0,0,0,0,0,0,0,0,0,0,0,0,0,10,10,0,0,0,0,0,0,0,0,0,0,0,0,0,0,0,0,0,0,0,0,0,0,0,0,0,0,0,0,0,0,0,0,0,0,0,0,0,0,0,0,0,0,0,0,0,0,0,0,0,0,0,0,0,0,0,0,0,0,0,0,0,0,0,0,0,0,0,0,0,0,0,0,0,0,0,0,0,0,0,0,0,0,0,0,0,0,0,0,0,0,0,0,0,0,0,0,0,0,0,0,0,0,0,0,0,0,0,0,0,0,0,0,0,0,0,0,0,0,0,0,0,0,0,0,0,0,0,0,0,0,0,0,0,0,0,0,0,0,0,0,0,0,0,0,0,0,0,0,0,0,0,0,0,0,0,0,0,0,0,0,0,0,10
短控制列表4:
65,0,0,0,0,0,0,0,0,0,0,0,0,0,0,0,0,0,0,0,0,0,0,0,0,0,0,0,0,0,0,0,0,0,0,0,0,0,0,0,0,0,0,0,0,0,0,0,0,0,0,0,0,0,0,0,0,0,0,0,0,0,0,0,0,0,0,0,0,0,0,0,0,0,0,0,0,0,0,0,0,0,0,0,0,0,0,0,0,0,0,0,0,0,0,0,0,0,0,0,0,0,0,0,0,0,0,0,0,0,0,0,0,0,0,0,0,0,0,0,0,0,0,0,0,0,0,0,0,0,0,0,0,0,0,0,0,0,0,0,0,0,0,0,0,0,0,0,0,0,0,0,0,0,0,0,0,0,0,0,0,0,0,0,0,0,0,0,0,0,0,0,0,0,0,0,0,0,0,0,0,0,0,0,0,0,0,0,0,0,0,65,65,0,0,0,0,0,0,0,0,0,0,0,0,0,0,0,0,0,0,0,0,0,0,0,0,0,0,0,0,0,0,0,0,0,0,0,0,0,0,0,0,0,0,0,0,0,0,0,0,0,0,0,0,0,0,0,0,0,0,0,0,0,0,0,0,0,0,0,0,0,0,0,0,0,0,0,0,0,0,0,0,0,0,0,0,0,0,0,0,0,0,0,0,0,0,0,0,0,0,0,0,0,0,0,0,0,0,0,0,0,0,0,0,0,0,0,0,0,0,0,0,0,0,0,0,0,0,0,0,0,0,0,0,0,0,0,0,0,0,0,0,0,0,0,0,0,0,0,0,0,0,0,0,0,0,0,0,0,0,0,0,0,0,65
加长控制列表:
0,0,0,0,0,0,0,0,0,0,0,0,0,0,0,0,0,0,0,0,0,0,0,0,0,0,0,0,0,0,0,0,0,0,0,0,0,0,0,0,0,0,0,0,0,0,0,0,0,0,0,0,0,0,0,0,0,0,0,0,0,0,0,0,0,0,0,0,0,0,0,0,0,0,0,0,0,0,0,0,0,0,0,0,0,0,0,0,0,0,0,0,0,0,0,0,0,0,0,0,0,0,0,0,0,0,0,0,0,0,0,0,0,0,0,0,0,0,0,0,0,0,0,0,0,0,0,0,0,0,0,0,0,0,0,0,0,0,0,0,0,0,0,0,0,0,0,0,0,0,0,0,0,0,0,0,0,0,0,0,0,0,0,0,0,0,0,0,0,0,0,0,0,0,0,0,0,0,0,0,0,0,0,0,0,0,0,0,0,0,0,0,0,0,0,0,0,0,0,0,0,0,0,0,0,0,0,0,0,0,0,0,0,0,0,0,0,0,0,0,0,0,0,0,0,0,0,0,0,0,0,0,0,0,0,0,0,0,0,0,0,0,0,0,0,0,0,0,0,0,0,0,0,0,0,0,0,0,0,0,0,0,0,0,0,0,0,0,0,0,0,0,0,0,0,0,0,0,0,0,0,0,0,0,0,0,0,0,0,0,0,0,0,0,0,0,0,0,0,0,0,0,0,0,0,0,0,0,0,0,0,0,0,0,0,0,0,0,0,0,0,0,0,0,0,0,0,0,0,0,0,0,0,0,0,0,0,0,0,0,0,0,0,0,0,0,0,0,0,0,0,0,0,0,0,0,65,0,0,0,0,0,0,0,0,0,0,0,0,0,0,0,0,0,0,0,0,0,0,0,0,0,0,0,0,0,0,0,0,0,0,0,0,0,0,0,0,0,0,0,0,0,0,0,0,0,0,0,0,0,0,0,0,0,0,0,0,0,0,0,0,0,0,0,0,0,0,0,0,0,0,0,0,0,0,0,0,0,0,0,0,0,0,0,0,0,0,0,0,0,0,0,0,0,0,0,0,0,0,0,0,0,0,0,0,0,0,0,0,0,0,0,0,0,0,0,0,0,0,0,0,0,0,0,0,0,0,0,0,0,0,0,0,0,0,0,0,0,0,0,0,0,0,0,0,0,0,0,0,0,0,0,0,0,0,0,0,0,0,0,0,0,0,0,0,0,0,0,0,0,0,0,0,0,0,0,0,0,0,0,0,0,0,0,0,0,0,65,65,0,0,0,0,0,0,0,0,0,0,0,0,0,0,0,0,0,0,0,0,0,0,0,0,0,0,0,0,0,0,0,0,0,0,0,0,0,0,0,0,0,0,0,0,0,0,0,0,0,0,0,0,0,0,0,0,0,0,0,0,0,0,0,0,0,0,0,0,0,0,0,0,0,0,0,0,0,0,0,0,0,0,0,0,0,0,0,0,0,0,0,0,0,0,0,0,0,0,0,0,0,0,0,0,0,0,0,0,0,0,0,0,0,0,0,0,0,0,0,0,0,0,0,0,0,0,0,0,0,0,0,0,0,0,0,0,0,0,0,0,0,0,0,0,0,0,0,0,0,0,0,0,0,0,0,0,0,0,0,0,0,0,65
