顶点列表:
-8831.364,8962.430;-10903.185,11034.251;-10878.940,11058.231;-10839.979,11096.485;-10800.946,11134.669;-10761.702,11172.641;-10722.457,11210.471;-10682.930,11248.160;-10643.403,11285.707;-10603.593,11323.113;-10563.783,11360.378;-10523.760,11397.571;-10483.667,11434.553;-10443.433,11471.393;-10403.057,11508.092;-10362.540,11544.650;-10321.952,11581.136;-10281.152,11617.411;-10240.281,11653.615;-10199.269,11689.536;-10158.115,11725.457;-10116.820,11761.095;-10075.455,11796.662;-10033.948,11832.088;-9992.299,11867.373;-9950.509,11902.516;-9908.648,11937.447;-9866.646,11972.378;-9824.502,12007.027;-9782.218,12041.534;-9739.862,12075.970;-9697.435,12110.194;-9654.726,12144.276;-9612.017,12178.217;-9569.166,12212.017;-9526.174,12245.675;-9483.111,12279.121;-9439.907,12312.426;-9396.632,12345.660;-9353.145,12378.682;-9309.517,12411.562;-9265.888,12444.302;-9222.118,12476.899;-9178.207,12509.355;-9134.154,12541.529;-9090.031,12573.631;-9045.836,12605.663;-9001.501,12637.412;-8957.024,12669.020;-8912.476,12700.557;-8867.716,12731.882;-8822.956,12763.065;-8778.055,12794.107;-8733.012,12824.866;-8687.899,12855.555;-8642.715,12886.173;-8597.389,12916.507;-8551.922,12946.701;-8506.385,12976.824;-8460.706,13006.664;-8414.956,13036.433;-8369.065,13066.061;-8323.103,13095.476;-8277.070,13124.680;-8230.825,13153.812;-8184.580,13182.662;-8138.194,13211.512;-8091.737,13240.150;-8045.139,13268.505;-7998.470,13296.789;-7951.659,13324.932;-7904.778,13352.863;-7857.897,13380.652;-7810.804,13408.229;-7763.640,13435.736;-7716.405,13463.030;-7668.958,13490.112;-7621.582,13517.124;-7573.994,13543.923;-7526.335,13570.511;-7478.676,13596.956;-7430.805,13623.190;-7382.863,13649.353;-7334.850,13675.304;-7286.767,13701.042;-7238.613,13726.710;-7190.318,13752.096;-7141.951,13777.410;-7093.515,13802.512;-7044.936,13827.473;-6996.287,13852.222;-6947.568,13876.758;-6898.777,13901.224;-6849.846,13925.407;-6800.843,13949.520;-6751.841,13973.349;-6702.697,13997.179;-6653.482,14020.655;-6604.197,14044.060;-6554.770,14067.324;-6505.343,14090.305;-6455.704,14113.215;-6406.065,14135.842;-6356.356,14158.399;-6306.576,14180.744;-6256.725,14202.876;-6206.732,14224.867;-6156.740,14246.717;-6106.606,14268.283;-6056.472,14289.709;-6006.197,14310.993;-5955.921,14332.135;-5905.434,14353.066;-5855.017,14373.784;-5804.459,14394.361;-5753.901,14414.796;-5703.131,14435.019;-5652.360,14455.101;-5601.590,14474.900;-5550.678,14494.558;-5499.696,14514.145;-5448.643,14533.378;-5397.519,14552.540;-5346.395,14571.562;-5295.130,14590.300;-5243.794,14608.968;-5192.458,14627.352;-5140.981,14645.596;-5089.503,14663.698;-5037.955,14681.587;-4986.336,14699.265;-4934.647,14716.731;-4882.887,14734.125;-4831.127,14751.237;-4779.225,14768.208;-4727.323,14785.037;-4675.351,14801.654;-4623.308,14818.059;-4571.194,14834.252;-4519.010,14850.374;-4466.825,14866.213;-4414.499,14881.911;-4362.173,14897.467;-4309.847,14912.741;-4257.380,14927.873;-4204.913,14942.863;-4152.375,14957.642;-4099.766,14972.208;-4047.157,14986.633;-3994.478,15000.846;-3941.728,15014.847;-3888.977,15028.706;-3836.086,15042.424;-3783.194,15055.859;-3730.303,15069.153;-3677.340,15082.234;-3624.237,15095.174;-3571.204,15107.902;-3518.100,15120.418;-3464.996,15132.792;-3411.751,15145.025;-3358.506,15156.975;-3305.190,15168.713;-3251.945,15180.381;-3198.558,15191.765;-3145.172,15203.008;-3091.715,15214.039;-3038.257,15224.928;-2984.729,15235.606;-2931.131,15246.071;-2877.532,15256.394;-2823.933,15266.435;-2770.264,15276.406;-2716.524,15286.164;-2662.784,15295.639;-2609.043,15304.973;-2555.303,15314.165;-2501.351,15323.145;-2447.540,15331.984;-2393.659,15340.469;-2339.706,15348.884;-2285.754,15357.157;-2231.802,15365.148;-2177.850,15372.996;-2123.756,15380.704;-2069.662,15388.128;-2015.639,15395.341;-1961.475,15402.412;-1907.311,15409.342;-1853.217,15416.059;-1798.982,15422.494;-1744.818,15428.858;-1690.582,15435.010;-1636.347,15440.879;-1582.042,15446.677;-1527.736,15452.192;-1473.430,15457.566;-1419.124,15462.658;-1364.748,15467.678;-1310.442,15472.486;-1256.065,15477.083;-1201.618,15481.467;-1147.171,15485.709;-1092.794,15489.740;-1038.347,15493.558;-983.900,15497.235;-929.453,15500.629;-874.935,15503.953;-820.488,15506.922;-765.970,15509.822;-711.452,15512.579;-656.934,15515.054;-602.416,15517.388;-547.898,15519.438;-493.380,15521.347;-460.000,15522.385;-460.000,12590.654;-503.492,12588.905;-552.565,12586.784;-601.709,12584.450;-650.782,12581.905;-699.926,12579.147;-748.999,12576.177;-798.072,12573.066;-847.146,12569.813;-896.219,12566.277;-945.151,12562.600;-994.224,12558.782;-1092.229,12550.438;-1141.161,12545.913;-1190.163,12541.317;-1239.024,12536.438;-1288.027,12531.417;-1336.888,12526.255;-1385.749,12520.810;-1434.610,12515.224;-1483.400,12509.426;-1532.261,12503.416;-1581.052,12497.193;-1629.771,12490.900;-1678.491,12484.324;-1727.211,12477.606;-1775.930,12470.606;-1824.579,12463.535;-1873.228,12456.181;-1921.806,12448.756;-1970.385,12441.049;-2018.892,12433.129;-2067.400,12425.068;-2115.836,12416.795;-2164.273,12408.381;-2212.710,12399.683;-2261.076,12390.915;-2309.442,12381.864;-2357.738,12372.601;-2405.962,12363.267;-2454.258,12353.721;-2502.412,12343.892;-2550.566,12333.922;-2598.720,12323.811;-2646.803,12313.487;-2694.816,12302.951;-2742.828,12292.274;-2790.770,12281.384;-2838.641,12270.283;-2886.512,12259.040;-2934.313,12247.584;-2982.184,12235.917;-3029.843,12224.038;-3077.572,12212.088;-3125.161,12199.855;-3172.749,12187.480;-3220.267,12174.894;-3267.784,12162.166;-3315.231,12149.226;-3362.607,12136.074;-3409.983,12122.780;-3457.289,12109.274;-3504.453,12095.627;-3551.617,12081.697;-3598.781,12067.626;-3645.803,12053.413;-3692.826,12039.059;-3739.849,12024.422;-3786.730,12009.643;-3833.540,11994.652;-3880.351,11979.520;-3927.091,11964.176;-3973.689,11948.690;-4020.287,11932.922;-4066.815,11917.083;-4113.272,11901.031;-4159.729,11884.839;-4206.044,11868.363;-4252.360,11851.746;-4298.534,11834.988;-4344.778,11818.017;-4390.811,11800.834;-4436.844,11783.510;-4482.735,11766.045;-4528.697,11748.367;-4574.517,11730.548;-4620.197,11712.446;-4665.946,11694.273;-4711.484,11675.889;-4757.092,11657.292;-4847.885,11619.674;-4893.211,11600.511;-4938.395,11581.207;-4983.579,11561.762;-5028.692,11542.104;-5073.664,11522.305;-5118.636,11502.365;-5163.467,11482.141;-5208.227,11461.847;-5252.916,11441.341;-5297.534,11420.623;-5342.011,11399.763;-5386.488,11378.762;-5430.895,11357.549;-5475.159,11336.194;-5519.354,11314.628;-5563.477,11292.849;-5607.530,11270.999;-5651.370,11248.938;-5695.282,11226.664;-5739.052,11204.248;-5782.680,11181.692;-5826.309,11158.994;-5869.796,11136.013;-5913.212,11112.961;-5956.558,11089.697;-5999.833,11066.221;-6042.895,11042.674;-6086.029,11018.916;-6128.950,10994.945;-6171.801,10970.903;-6214.581,10946.649;-6257.290,10922.183;-6299.858,10897.576;-6342.284,10872.827;-6384.640,10847.867;-6426.996,10822.764;-6469.210,10797.521;-6511.212,10772.065;-6553.214,10746.467;-6595.075,10720.729;-6636.936,10694.849;-6678.584,10668.756;-6720.233,10642.523;-6761.669,10616.077;-6803.035,10589.560;-6844.330,10562.832;-6885.484,10535.962;-6926.567,10508.880;-6967.508,10481.656;-7008.379,10454.220;-7049.108,10426.784;-7089.696,10399.066;-7130.284,10371.206;-7170.731,10343.204;-7211.036,10315.062;-7251.199,10286.777;-7291.292,10258.281;-7331.244,10229.643;-7371.196,10200.864;-7410.935,10171.872;-7450.604,10142.810;-7490.060,10113.536;-7529.517,10084.121;-7568.761,10054.634;-7608.006,10024.865;-7647.038,9995.025;-7685.999,9964.973;-7724.820,9934.780;-7763.569,9904.515;-7802.106,9874.039;-7840.644,9843.421;-7878.898,9812.662;-7917.153,9781.762;-7955.336,9750.649;-7993.308,9719.466;-8031.209,9688.070;-8068.898,9656.604;-8106.516,9624.925;-8143.993,9593.106;-8181.398,9561.074;-8218.663,9529.042;-8255.715,9496.798;-8292.768,9464.412;-8329.679,9431.885;-8366.378,9399.146;-8403.006,9366.336;-8439.492,9333.385;-8475.838,9300.293;-8512.042,9267.059;-8548.245,9233.683;-8584.166,9200.166;-8620.017,9166.437;-8655.726,9132.708;-8691.293,9098.697;-8726.719,9064.685;-8762.004,9030.390;-8797.218,8996.025
短控制列表:
0,0,0,0,0,0,0,0,0,0,0,0,0,0,0,0,0,0,0,0,0,0,0,0,0,0,0,0,0,0,0,0,0,0,0,0,0,0,0,0,0,0,0,0,0,0,0,0,0,0,0,0,0,0,0,0,0,0,0,0,0,0,0,0,0,0,0,0,0,0,0,0,0,0,0,0,0,0,0,0,0,0,0,0,0,0,0,0,0,0,0,0,0,0,0,0,0,0,0,0,0,0,0,0,0,0,0,0,0,0,0,0,0,0,0,0,0,0,0,0,0,0,0,0,0,0,0,0,0,0,0,0,0,0,0,0,0,0,0,0,0,0,0,0,0,0,0,0,0,0,0,0,0,0,0,0,0,0,0,0,0,0,0,0,0,0,0,0,0,0,0,0,0,0,0,0,0,0,0,0,0,0,0,0,0,0,0,50,50,0,0,0,0,0,0,0,0,0,0,0,0,0,0,0,0,0,0,0,0,0,0,0,0,0,0,0,0,0,0,0,0,0,0,0,0,0,0,0,0,0,0,0,0,0,0,0,0,0,0,0,0,0,0,0,0,0,0,0,0,0,0,0,0,0,0,0,0,0,0,0,0,0,0,0,0,0,0,0,0,0,0,0,0,0,0,0,0,0,0,0,0,0,0,0,0,0,0,0,0,0,0,0,0,0,0,0,0,0,0,0,0,0,0,0,0,0,0,0,0,0,0,0,0,0,0,0,0,0,0,0,0,0,0,0,0,0,0,0,0,0,0,0,0,0,0,0,0,0,0,0,0,0,0,0,0,0,0,0,0,0,0,0,0,0,0,0,0,0,0,0,0,0,0,0,0,0,0,0,0,0,0,0,0,0,0,0,0,0,0,0,0,0,0,0,0,0,0,0,0,0,0,0,0,0,0,0,0,0,0,0,0,0,50,50
短控制列表2:
0,0,0,0,0,0,0,0,0,0,0,0,0,0,0,0,0,0,0,0,0,0,0,0,0,0,0,0,0,0,0,0,0,0,0,0,0,0,0,0,0,0,0,0,0,0,0,0,0,0,0,0,0,0,0,0,0,0,0,0,0,0,0,0,0,0,0,0,0,0,0,0,0,0,0,0,0,0,0,0,0,0,0,0,0,0,0,0,0,0,0,0,0,0,0,0,0,0,0,0,0,0,0,0,0,0,0,0,0,0,0,0,0,0,0,0,0,0,0,0,0,0,0,0,0,0,0,0,0,0,0,0,0,0,0,0,0,0,0,0,0,0,0,0,0,0,0,0,0,0,0,0,0,0,0,0,0,0,0,0,0,0,0,0,0,0,0,0,0,0,0,0,0,0,0,0,0,0,0,0,0,0,0,0,0,0,0,45,45,0,0,0,0,0,0,0,0,0,0,0,0,0,0,0,0,0,0,0,0,0,0,0,0,0,0,0,0,0,0,0,0,0,0,0,0,0,0,0,0,0,0,0,0,0,0,0,0,0,0,0,0,0,0,0,0,0,0,0,0,0,0,0,0,0,0,0,0,0,0,0,0,0,0,0,0,0,0,0,0,0,0,0,0,0,0,0,0,0,0,0,0,0,0,0,0,0,0,0,0,0,0,0,0,0,0,0,0,0,0,0,0,0,0,0,0,0,0,0,0,0,0,0,0,0,0,0,0,0,0,0,0,0,0,0,0,0,0,0,0,0,0,0,0,0,0,0,0,0,0,0,0,0,0,0,0,0,0,0,0,0,0,0,0,0,0,0,0,0,0,0,0,0,0,0,0,0,0,0,0,0,0,0,0,0,0,0,0,0,0,0,0,0,0,0,0,0,0,0,0,0,0,0,0,0,0,0,0,0,0,0,0,0,45,45
短控制列表3:
0,0,0,0,0,0,0,0,0,0,0,0,0,0,0,0,0,0,0,0,0,0,0,0,0,0,0,0,0,0,0,0,0,0,0,0,0,0,0,0,0,0,0,0,0,0,0,0,0,0,0,0,0,0,0,0,0,0,0,0,0,0,0,0,0,0,0,0,0,0,0,0,0,0,0,0,0,0,0,0,0,0,0,0,0,0,0,0,0,0,0,0,0,0,0,0,0,0,0,0,0,0,0,0,0,0,0,0,0,0,0,0,0,0,0,0,0,0,0,0,0,0,0,0,0,0,0,0,0,0,0,0,0,0,0,0,0,0,0,0,0,0,0,0,0,0,0,0,0,0,0,0,0,0,0,0,0,0,0,0,0,0,0,0,0,0,0,0,0,0,0,0,0,0,0,0,0,0,0,0,0,0,0,0,0,0,0,10,10,0,0,0,0,0,0,0,0,0,0,0,0,0,0,0,0,0,0,0,0,0,0,0,0,0,0,0,0,0,0,0,0,0,0,0,0,0,0,0,0,0,0,0,0,0,0,0,0,0,0,0,0,0,0,0,0,0,0,0,0,0,0,0,0,0,0,0,0,0,0,0,0,0,0,0,0,0,0,0,0,0,0,0,0,0,0,0,0,0,0,0,0,0,0,0,0,0,0,0,0,0,0,0,0,0,0,0,0,0,0,0,0,0,0,0,0,0,0,0,0,0,0,0,0,0,0,0,0,0,0,0,0,0,0,0,0,0,0,0,0,0,0,0,0,0,0,0,0,0,0,0,0,0,0,0,0,0,0,0,0,0,0,0,0,0,0,0,0,0,0,0,0,0,0,0,0,0,0,0,0,0,0,0,0,0,0,0,0,0,0,0,0,0,0,0,0,0,0,0,0,0,0,0,0,0,0,0,0,0,0,0,0,0,10,10
短控制列表4:
0,0,0,0,0,0,0,0,0,0,0,0,0,0,0,0,0,0,0,0,0,0,0,0,0,0,0,0,0,0,0,0,0,0,0,0,0,0,0,0,0,0,0,0,0,0,0,0,0,0,0,0,0,0,0,0,0,0,0,0,0,0,0,0,0,0,0,0,0,0,0,0,0,0,0,0,0,0,0,0,0,0,0,0,0,0,0,0,0,0,0,0,0,0,0,0,0,0,0,0,0,0,0,0,0,0,0,0,0,0,0,0,0,0,0,0,0,0,0,0,0,0,0,0,0,0,0,0,0,0,0,0,0,0,0,0,0,0,0,0,0,0,0,0,0,0,0,0,0,0,0,0,0,0,0,0,0,0,0,0,0,0,0,0,0,0,0,0,0,0,0,0,0,0,0,0,0,0,0,0,0,0,0,0,0,0,0,65,65,0,0,0,0,0,0,0,0,0,0,0,0,0,0,0,0,0,0,0,0,0,0,0,0,0,0,0,0,0,0,0,0,0,0,0,0,0,0,0,0,0,0,0,0,0,0,0,0,0,0,0,0,0,0,0,0,0,0,0,0,0,0,0,0,0,0,0,0,0,0,0,0,0,0,0,0,0,0,0,0,0,0,0,0,0,0,0,0,0,0,0,0,0,0,0,0,0,0,0,0,0,0,0,0,0,0,0,0,0,0,0,0,0,0,0,0,0,0,0,0,0,0,0,0,0,0,0,0,0,0,0,0,0,0,0,0,0,0,0,0,0,0,0,0,0,0,0,0,0,0,0,0,0,0,0,0,0,0,0,0,0,0,0,0,0,0,0,0,0,0,0,0,0,0,0,0,0,0,0,0,0,0,0,0,0,0,0,0,0,0,0,0,0,0,0,0,0,0,0,0,0,0,0,0,0,0,0,0,0,0,0,0,0,65,65
加长控制列表:
0,0,0,0,0,0,0,0,0,0,0,0,0,0,0,0,0,0,0,0,0,0,0,0,0,0,0,0,0,0,0,0,0,0,0,0,0,0,0,0,0,0,0,0,0,0,0,0,0,0,0,0,0,0,0,0,0,0,0,0,0,0,0,0,0,0,0,0,0,0,0,0,0,0,0,0,0,0,0,0,0,0,0,0,0,0,0,0,0,0,0,0,0,0,0,0,0,0,0,0,0,0,0,0,0,0,0,0,0,0,0,0,0,0,0,0,0,0,0,0,0,0,0,0,0,0,0,0,0,0,0,0,0,0,0,0,0,0,0,0,0,0,0,0,0,0,0,0,0,0,0,0,0,0,0,0,0,0,0,0,0,0,0,0,0,0,0,0,0,0,0,0,0,0,0,0,0,0,0,0,0,0,0,0,0,0,0,0,0,0,0,0,0,0,0,0,0,0,0,0,0,0,0,0,0,0,0,0,0,0,0,0,0,0,0,0,0,0,0,0,0,0,0,0,0,0,0,0,0,0,0,0,0,0,0,0,0,0,0,0,0,0,0,0,0,0,0,0,0,0,0,0,0,0,0,0,0,0,0,0,0,0,0,0,0,0,0,0,0,0,0,0,0,0,0,0,0,0,0,0,0,0,0,0,0,0,0,0,0,0,0,0,0,0,0,0,0,0,0,0,0,0,0,0,0,0,0,0,0,0,0,0,0,0,0,0,0,0,0,0,0,0,0,0,0,0,0,0,0,0,0,0,0,0,0,0,0,0,0,0,0,0,0,0,0,0,0,0,0,0,0,0,0,0,0,0,0,0,0,0,0,0,0,0,0,0,0,0,0,0,0,0,0,0,0,0,0,0,0,0,0,0,0,0,0,0,0,0,0,0,0,0,0,0,0,0,0,0,0,0,0,0,0,0,0,0,0,0,0,0,0,0,0,0,0,0,0,0,0,0,0,0,0,0,0,0,0,0,0,0,0,0,0,0,0,0,0,0,0,0,0,0,0,0,0,0,0,0,0,0,0,0,0,0,0,0,0,0,0,0,0,0,0,0,0,0,0,0,0,0,0,0,0,0,0,0,0,0,0,0,0,0,0,0,0,0,0,0,0,0,0,0,0,0,0,0,0,0,0,0,0,0,0,0,0,0,0,0,0,0,0,0,0,0,0,0,0,0,0,0,0,0,0,0,0,0,0,0,0,0,0,0,0,0,0,0,0,0,0,0,0,0,0,0,0,0,0,0,0,0,0,0,0,0,0,0,0,0,0,0,0,0,0,0,0,0,0,0,0,0,0,0,0,0,0,0,0,0,0,0,0,0,0,0,0,0,0,0,0,0,0,65,65,0,0,0,0,0,0,0,0,0,0,0,0,0,0,0,0,0,0,0,0,0,0,0,0,0,0,0,0,0,0,0,0,0,0,0,0,0,0,0,0,0,0,0,0,0,0,0,0,0,0,0,0,0,0,0,0,0,0,0,0,0,0,0,0,0,0,0,0,0,0,0,0,0,0,0,0,0,0,0,0,0,0,0,0,0,0,0,0,0,0,0,0,0,0,0,0,0,0,0,0,0,0,0,0,0,0,0,0,0,0,0,0,0,0,0,0,0,0,0,0,0,0,0,0,0,0,0,0,0,0,0,0,0,0,0,0,0,0,0,0,0,0,0,0,0,0,0,0,0,0,0,0,0,0,0,0,0,0,0,0,0,0,0,0,0,0,0,0,0,0,0,0,0,0,0,0,0,0,0,0,0,0,0,0,0,0,0,0,0,0,0,0,0,0,0,0,0,0,0,0,0,0,0,0,0,0,0,0,0,0,0,0,0,65,65
