顶点列表:
-11044.626,11175.692;-13109.384,13240.450;-13077.689,13271.829;-13035.050,13313.760;-12992.412,13355.550;-12949.490,13397.199;-12906.498,13438.777;-12863.294,13480.142;-12820.090,13521.367;-12776.673,13562.520;-12733.045,13603.462;-12689.416,13644.262;-12645.576,13684.991;-12601.664,13725.508;-12557.612,13765.884;-12513.417,13806.260;-12469.082,13846.353;-12424.605,13886.304;-12380.057,13926.185;-12335.368,13965.783;-12290.537,14005.381;-12245.565,14044.838;-12200.452,14084.011;-12155.197,14123.185;-12109.872,14162.147;-12064.475,14201.038;-12018.867,14239.716;-11973.188,14278.183;-11927.297,14316.579;-11881.405,14354.833;-11835.302,14392.876;-11789.128,14430.847;-11742.812,14468.678;-11696.356,14506.366;-11649.757,14543.772;-11603.088,14581.108;-11556.348,14618.372;-11509.397,14655.424;-11462.303,14692.335;-11415.139,14729.034;-11367.904,14765.662;-11320.528,14802.149;-11272.940,14838.424;-11225.352,14874.557;-11177.622,14910.549;-11129.751,14946.399;-11081.809,14982.037;-11033.655,15017.605;-10985.572,15052.960;-10937.206,15088.174;-10888.840,15123.246;-10840.191,15158.177;-10791.612,15192.896;-10742.822,15227.545;-10693.961,15261.981;-10644.958,15296.275;-10595.885,15330.358;-10546.671,15364.299;-10497.385,15398.169;-10447.959,15431.757;-10398.461,15465.274;-10348.822,15498.649;-10299.113,15531.813;-10249.262,15564.834;-10199.269,15597.715;-10149.206,15630.383;-10099.072,15662.839;-10048.797,15695.296;-9998.380,15727.469;-9947.963,15759.501;-9897.405,15791.391;-9846.706,15823.141;-9795.935,15854.678;-9745.094,15886.144;-9694.112,15917.327;-9643.059,15948.440;-9591.794,15979.340;-9540.528,16010.100;-9489.192,16040.647;-9437.715,16071.052;-9386.167,16101.387;-9334.477,16131.439;-9282.788,16161.350;-9230.886,16191.048;-9178.914,16220.676;-9126.871,16250.092;-9074.686,16279.366;-9022.502,16308.499;-8970.176,16337.349;-8917.779,16366.128;-8865.241,16394.766;-8812.703,16423.121;-8759.953,16451.405;-8707.203,16479.406;-8654.311,16507.408;-8601.349,16535.056;-8548.316,16562.633;-8495.142,16590.069;-8441.897,16617.292;-8388.581,16644.304;-8335.194,16671.244;-8281.737,16697.973;-8228.209,16724.490;-8174.540,16750.865;-8120.729,16777.098;-8066.918,16803.049;-8013.036,16828.929;-7959.013,16854.668;-7904.990,16880.124;-7850.826,16905.438;-7796.520,16930.611;-7742.285,16955.572;-7687.838,16980.462;-7633.391,17005.070;-7578.802,17029.535;-7524.213,17053.860;-7469.483,17077.902;-7414.683,17101.872;-7359.811,17125.631;-7304.940,17149.249;-7249.927,17172.583;-7194.843,17195.847;-7139.689,17218.899;-7084.393,17241.809;-7029.097,17264.436;-6973.731,17286.993;-6918.294,17309.338;-6862.715,17331.541;-6807.207,17353.532;-6751.487,17375.311;-6695.767,17396.948;-6639.906,17418.444;-6584.115,17439.728;-6528.112,17460.800;-6472.109,17481.730;-6416.036,17502.448;-6359.962,17523.025;-6303.676,17543.390;-6247.461,17563.542;-6191.105,17583.554;-6134.749,17603.423;-6078.251,17623.152;-6021.753,17642.597;-5965.114,17661.901;-5908.474,17680.922;-5851.764,17699.873;-5794.984,17718.611;-5738.203,17737.208;-5681.281,17755.663;-5624.359,17773.836;-5567.295,17791.867;-5510.232,17809.616;-5453.098,17827.293;-5395.963,17844.830;-5338.688,17862.083;-5281.412,17879.195;-5224.066,17896.095;-5166.719,17912.853;-5051.744,17945.804;-4994.185,17961.926;-4936.627,17977.907;-4878.927,17993.746;-4821.227,18009.303;-4763.456,18024.788;-4705.615,18040.062;-4647.844,18055.123;-4589.932,18070.043;-4531.950,18084.751;-4473.896,18099.247;-4415.913,18113.530;-4357.789,18127.672;-4299.665,18141.673;-4241.470,18155.462;-4183.275,18168.967;-4125.010,18182.402;-4066.673,18195.625;-4008.337,18208.707;-3950.001,18221.505;-3891.523,18234.163;-3774.568,18258.911;-3716.019,18270.932;-3657.400,18282.882;-3598.781,18294.549;-3540.091,18306.146;-3481.401,18317.460;-3422.641,18328.561;-3363.880,18339.521;-3305.049,18350.269;-3246.217,18360.876;-3187.315,18371.271;-3128.484,18381.453;-3069.511,18391.494;-3010.539,18401.252;-2951.495,18410.939;-2892.523,18420.414;-2833.479,18429.678;-2774.365,18438.729;-2715.251,18447.638;-2656.066,18456.336;-2596.881,18464.750;-2537.626,18473.094;-2478.441,18481.226;-2419.185,18489.145;-2359.930,18496.923;-2300.603,18504.489;-2241.277,18511.773;-2181.880,18518.985;-2122.554,18525.986;-2063.157,18532.774;-2003.689,18539.350;-1944.292,18545.714;-1884.825,18552.007;-1825.357,18558.017;-1765.819,18563.816;-1706.280,18569.473;-1646.813,18574.917;-1587.203,18580.221;-1527.665,18585.312;-1468.056,18590.191;-1348.838,18599.383;-1289.229,18603.697;-1229.549,18607.798;-1169.940,18611.687;-1110.189,18615.435;-1050.509,18618.970;-990.830,18622.364;-931.150,18625.475;-871.470,18628.445;-811.719,18631.203;-751.969,18633.819;-692.289,18636.223;-632.539,18638.416;-580.000,18640.218;-580.000,15718.362;-586.082,15718.135;-640.953,15715.872;-695.825,15713.468;-750.696,15710.923;-805.568,15708.094;-860.439,15705.124;-915.311,15701.872;-970.111,15698.548;-1024.912,15694.942;-1079.713,15691.194;-1189.314,15683.133;-1244.045,15678.749;-1298.845,15674.153;-1353.575,15669.486;-1408.305,15664.537;-1462.965,15659.516;-1517.695,15654.142;-1572.354,15648.697;-1626.943,15643.040;-1681.602,15637.171;-1736.191,15631.090;-1790.780,15624.868;-1845.297,15618.433;-1899.886,15611.786;-1954.404,15604.927;-2008.851,15597.998;-2063.369,15590.715;-2117.816,15583.361;-2172.193,15575.795;-2226.640,15568.016;-2280.946,15560.097;-2335.252,15551.894;-2389.558,15543.551;-2443.863,15535.065;-2498.098,15526.368;-2552.334,15517.388;-2606.498,15508.337;-2660.592,15499.074;-2714.756,15489.598;-2768.850,15479.911;-2822.873,15470.011;-2876.896,15459.971;-2930.918,15449.788;-2984.871,15439.394;-3038.752,15428.787;-3092.563,15417.968;-3146.374,15407.008;-3200.255,15395.836;-3253.925,15384.452;-3307.736,15372.926;-3361.334,15361.188;-3415.004,15349.238;-3468.532,15337.146;-3522.130,15324.842;-3575.588,15312.397;-3629.045,15299.669;-3682.432,15286.871;-3735.818,15273.789;-3789.205,15260.566;-3842.450,15247.202;-3895.695,15233.555;-3948.869,15219.837;-4055.077,15191.694;-4108.110,15177.269;-4161.072,15162.774;-4213.964,15148.066;-4266.926,15133.146;-4319.747,15118.084;-4372.497,15102.811;-4425.247,15087.396;-4477.927,15071.769;-4530.535,15055.930;-4583.073,15039.878;-4635.541,15023.756;-4688.008,15007.351;-4740.334,14990.805;-4792.731,14974.047;-4844.986,14957.147;-4897.170,14940.035;-4949.355,14922.782;-5001.469,14905.316;-5053.441,14887.709;-5105.413,14869.819;-5157.315,14851.859;-5209.146,14833.686;-5260.906,14815.301;-5312.596,14796.704;-5364.285,14777.966;-5415.833,14759.086;-5467.381,14739.924;-5518.859,14720.690;-5570.265,14701.245;-5621.530,14681.658;-5672.796,14661.788;-5723.990,14641.848;-5775.043,14621.625;-5826.096,14601.260;-5877.008,14580.754;-5927.920,14560.106;-5978.761,14539.247;-6080.160,14496.962;-6130.789,14475.466;-6181.276,14453.970;-6231.693,14432.120;-6282.039,14410.200;-6332.385,14388.138;-6382.590,14365.793;-6432.723,14343.378;-6482.787,14320.751;-6532.779,14297.911;-6582.701,14274.860;-6632.481,14251.666;-6682.191,14228.403;-6731.900,14204.856;-6781.468,14181.168;-6830.895,14157.338;-6880.322,14133.226;-6929.607,14109.114;-6978.893,14084.719;-7028.037,14060.182;-7077.110,14035.433;-7126.042,14010.543;-7174.973,13985.511;-7223.764,13960.197;-7272.483,13934.812;-7321.062,13909.285;-7369.569,13883.547;-7418.077,13857.667;-7466.443,13831.504;-7514.667,13805.341;-7562.892,13778.895;-7610.975,13752.308;-7658.917,13725.579;-7706.788,13698.638;-7754.660,13671.556;-7802.319,13644.262;-7849.907,13616.897;-7897.424,13589.320;-7944.871,13561.530;-7992.177,13533.600;-8039.341,13505.527;-8086.505,13477.314;-8133.527,13448.817;-8180.409,13420.321;-8227.290,13391.542;-8273.959,13362.692;-8320.628,13333.559;-8367.085,13304.356;-8413.542,13275.011;-8459.857,13245.383;-8506.102,13215.684;-8552.135,13185.774;-8598.167,13155.722;-8644.058,13125.528;-8689.808,13095.193;-8735.558,13064.717;-8781.096,13034.029;-8826.633,13003.199;-8871.959,12972.157;-8917.214,12941.044;-8962.327,12909.790;-9007.370,12878.324;-9052.342,12846.645;-9097.102,12814.896;-9141.791,12782.935;-9186.339,12750.832;-9230.886,12718.588;-9275.222,12686.132;-9319.487,12653.605;-9363.610,12620.937;-9407.663,12588.056;-9451.574,12555.034;-9495.344,12521.871;-9539.043,12488.496;-9582.531,12455.050;-9626.018,12421.462;-9669.363,12387.592;-9712.567,12353.721;-9755.630,12319.568;-9798.622,12285.344;-9841.473,12250.979;-9884.182,12216.472;-9926.821,12181.753;-9969.247,12146.963;-10011.603,12111.961;-10053.817,12076.818;-10096.031,12041.534;-10137.963,12006.107;-10179.894,11970.540;-10221.543,11934.831;-10263.192,11898.981;-10304.699,11862.989;-10346.064,11826.856;-10387.359,11790.511;-10428.442,11754.095;-10469.455,11717.466;-10510.255,11680.768;-10551.055,11643.927;-10591.643,11606.875;-10632.160,11569.752;-10672.394,11532.487;-10712.629,11495.081;-10752.792,11457.463;-10792.744,11419.775;-10832.483,11381.874;-10872.152,11343.902;-10911.750,11305.718;-10951.206,11267.534;-10990.451,11229.139;-11029.625,11190.530
短控制列表:
0,0,0,0,0,0,0,0,0,0,0,0,0,0,0,0,0,0,0,0,0,0,0,0,0,0,0,0,0,0,0,0,0,0,0,0,0,0,0,0,0,0,0,0,0,0,0,0,0,0,0,0,0,0,0,0,0,0,0,0,0,0,0,0,0,0,0,0,0,0,0,0,0,0,0,0,0,0,0,0,0,0,0,0,0,0,0,0,0,0,0,0,0,0,0,0,0,0,0,0,0,0,0,0,0,0,0,0,0,0,0,0,0,0,0,0,0,0,0,0,0,0,0,0,0,0,0,0,0,0,0,0,0,0,0,0,0,0,0,0,0,0,0,0,0,0,0,0,0,0,0,0,0,0,0,0,0,0,0,0,0,0,0,0,0,0,0,0,0,0,0,0,0,0,0,0,0,0,0,0,0,0,0,0,0,0,0,0,0,0,0,0,0,0,0,0,0,0,0,0,0,0,0,0,0,0,0,0,0,0,50,50,0,0,0,0,0,0,0,0,0,0,0,0,0,0,0,0,0,0,0,0,0,0,0,0,0,0,0,0,0,0,0,0,0,0,0,0,0,0,0,0,0,0,0,0,0,0,0,0,0,0,0,0,0,0,0,0,0,0,0,0,0,0,0,0,0,0,0,0,0,0,0,0,0,0,0,0,0,0,0,0,0,0,0,0,0,0,0,0,0,0,0,0,0,0,0,0,0,0,0,0,0,0,0,0,0,0,0,0,0,0,0,0,0,0,0,0,0,0,0,0,0,0,0,0,0,0,0,0,0,0,0,0,0,0,0,0,0,0,0,0,0,0,0,0,0,0,0,0,0,0,0,0,0,0,0,0,0,0,0,0,0,0,0,0,0,0,0,0,0,0,0,0,0,0,0,0,0,0,0,0,0,0,0,0,0,0,0,0,0,0,0,0,0,0,0,0,0,0,0,0,0,0,0,0,0,0,0,0,0,0,0,0,0,0,0,0,0,0,0,0,0,0,0,0,0,0,0,0,0,0,50,50
短控制列表2:
0,0,0,0,0,0,0,0,0,0,0,0,0,0,0,0,0,0,0,0,0,0,0,0,0,0,0,0,0,0,0,0,0,0,0,0,0,0,0,0,0,0,0,0,0,0,0,0,0,0,0,0,0,0,0,0,0,0,0,0,0,0,0,0,0,0,0,0,0,0,0,0,0,0,0,0,0,0,0,0,0,0,0,0,0,0,0,0,0,0,0,0,0,0,0,0,0,0,0,0,0,0,0,0,0,0,0,0,0,0,0,0,0,0,0,0,0,0,0,0,0,0,0,0,0,0,0,0,0,0,0,0,0,0,0,0,0,0,0,0,0,0,0,0,0,0,0,0,0,0,0,0,0,0,0,0,0,0,0,0,0,0,0,0,0,0,0,0,0,0,0,0,0,0,0,0,0,0,0,0,0,0,0,0,0,0,0,0,0,0,0,0,0,0,0,0,0,0,0,0,0,0,0,0,0,0,0,0,0,0,45,45,0,0,0,0,0,0,0,0,0,0,0,0,0,0,0,0,0,0,0,0,0,0,0,0,0,0,0,0,0,0,0,0,0,0,0,0,0,0,0,0,0,0,0,0,0,0,0,0,0,0,0,0,0,0,0,0,0,0,0,0,0,0,0,0,0,0,0,0,0,0,0,0,0,0,0,0,0,0,0,0,0,0,0,0,0,0,0,0,0,0,0,0,0,0,0,0,0,0,0,0,0,0,0,0,0,0,0,0,0,0,0,0,0,0,0,0,0,0,0,0,0,0,0,0,0,0,0,0,0,0,0,0,0,0,0,0,0,0,0,0,0,0,0,0,0,0,0,0,0,0,0,0,0,0,0,0,0,0,0,0,0,0,0,0,0,0,0,0,0,0,0,0,0,0,0,0,0,0,0,0,0,0,0,0,0,0,0,0,0,0,0,0,0,0,0,0,0,0,0,0,0,0,0,0,0,0,0,0,0,0,0,0,0,0,0,0,0,0,0,0,0,0,0,0,0,0,0,0,0,0,45,45
短控制列表3:
0,0,0,0,0,0,0,0,0,0,0,0,0,0,0,0,0,0,0,0,0,0,0,0,0,0,0,0,0,0,0,0,0,0,0,0,0,0,0,0,0,0,0,0,0,0,0,0,0,0,0,0,0,0,0,0,0,0,0,0,0,0,0,0,0,0,0,0,0,0,0,0,0,0,0,0,0,0,0,0,0,0,0,0,0,0,0,0,0,0,0,0,0,0,0,0,0,0,0,0,0,0,0,0,0,0,0,0,0,0,0,0,0,0,0,0,0,0,0,0,0,0,0,0,0,0,0,0,0,0,0,0,0,0,0,0,0,0,0,0,0,0,0,0,0,0,0,0,0,0,0,0,0,0,0,0,0,0,0,0,0,0,0,0,0,0,0,0,0,0,0,0,0,0,0,0,0,0,0,0,0,0,0,0,0,0,0,0,0,0,0,0,0,0,0,0,0,0,0,0,0,0,0,0,0,0,0,0,0,0,10,10,0,0,0,0,0,0,0,0,0,0,0,0,0,0,0,0,0,0,0,0,0,0,0,0,0,0,0,0,0,0,0,0,0,0,0,0,0,0,0,0,0,0,0,0,0,0,0,0,0,0,0,0,0,0,0,0,0,0,0,0,0,0,0,0,0,0,0,0,0,0,0,0,0,0,0,0,0,0,0,0,0,0,0,0,0,0,0,0,0,0,0,0,0,0,0,0,0,0,0,0,0,0,0,0,0,0,0,0,0,0,0,0,0,0,0,0,0,0,0,0,0,0,0,0,0,0,0,0,0,0,0,0,0,0,0,0,0,0,0,0,0,0,0,0,0,0,0,0,0,0,0,0,0,0,0,0,0,0,0,0,0,0,0,0,0,0,0,0,0,0,0,0,0,0,0,0,0,0,0,0,0,0,0,0,0,0,0,0,0,0,0,0,0,0,0,0,0,0,0,0,0,0,0,0,0,0,0,0,0,0,0,0,0,0,0,0,0,0,0,0,0,0,0,0,0,0,0,0,0,0,10,10
短控制列表4:
0,0,0,0,0,0,0,0,0,0,0,0,0,0,0,0,0,0,0,0,0,0,0,0,0,0,0,0,0,0,0,0,0,0,0,0,0,0,0,0,0,0,0,0,0,0,0,0,0,0,0,0,0,0,0,0,0,0,0,0,0,0,0,0,0,0,0,0,0,0,0,0,0,0,0,0,0,0,0,0,0,0,0,0,0,0,0,0,0,0,0,0,0,0,0,0,0,0,0,0,0,0,0,0,0,0,0,0,0,0,0,0,0,0,0,0,0,0,0,0,0,0,0,0,0,0,0,0,0,0,0,0,0,0,0,0,0,0,0,0,0,0,0,0,0,0,0,0,0,0,0,0,0,0,0,0,0,0,0,0,0,0,0,0,0,0,0,0,0,0,0,0,0,0,0,0,0,0,0,0,0,0,0,0,0,0,0,0,0,0,0,0,0,0,0,0,0,0,0,0,0,0,0,0,0,0,0,0,0,0,65,65,0,0,0,0,0,0,0,0,0,0,0,0,0,0,0,0,0,0,0,0,0,0,0,0,0,0,0,0,0,0,0,0,0,0,0,0,0,0,0,0,0,0,0,0,0,0,0,0,0,0,0,0,0,0,0,0,0,0,0,0,0,0,0,0,0,0,0,0,0,0,0,0,0,0,0,0,0,0,0,0,0,0,0,0,0,0,0,0,0,0,0,0,0,0,0,0,0,0,0,0,0,0,0,0,0,0,0,0,0,0,0,0,0,0,0,0,0,0,0,0,0,0,0,0,0,0,0,0,0,0,0,0,0,0,0,0,0,0,0,0,0,0,0,0,0,0,0,0,0,0,0,0,0,0,0,0,0,0,0,0,0,0,0,0,0,0,0,0,0,0,0,0,0,0,0,0,0,0,0,0,0,0,0,0,0,0,0,0,0,0,0,0,0,0,0,0,0,0,0,0,0,0,0,0,0,0,0,0,0,0,0,0,0,0,0,0,0,0,0,0,0,0,0,0,0,0,0,0,0,0,65,65
加长控制列表:
0,0,0,0,0,0,0,0,0,0,0,0,0,0,0,0,0,0,0,0,0,0,0,0,0,0,0,0,0,0,0,0,0,0,0,0,0,0,0,0,0,0,0,0,0,0,0,0,0,0,0,0,0,0,0,0,0,0,0,0,0,0,0,0,0,0,0,0,0,0,0,0,0,0,0,0,0,0,0,0,0,0,0,0,0,0,0,0,0,0,0,0,0,0,0,0,0,0,0,0,0,0,0,0,0,0,0,0,0,0,0,0,0,0,0,0,0,0,0,0,0,0,0,0,0,0,0,0,0,0,0,0,0,0,0,0,0,0,0,0,0,0,0,0,0,0,0,0,0,0,0,0,0,0,0,0,0,0,0,0,0,0,0,0,0,0,0,0,0,0,0,0,0,0,0,0,0,0,0,0,0,0,0,0,0,0,0,0,0,0,0,0,0,0,0,0,0,0,0,0,0,0,0,0,0,0,0,0,0,0,0,0,0,0,0,0,0,0,0,0,0,0,0,0,0,0,0,0,0,0,0,0,0,0,0,0,0,0,0,0,0,0,0,0,0,0,0,0,0,0,0,0,0,0,0,0,0,0,0,0,0,0,0,0,0,0,0,0,0,0,0,0,0,0,0,0,0,0,0,0,0,0,0,0,0,0,0,0,0,0,0,0,0,0,0,0,0,0,0,0,0,0,0,0,0,0,0,0,0,0,0,0,0,0,0,0,0,0,0,0,0,0,0,0,0,0,0,0,0,0,0,0,0,0,0,0,0,0,0,0,0,0,0,0,0,0,0,0,0,0,0,0,0,0,0,0,0,0,0,0,0,0,0,0,0,0,0,0,0,0,0,0,0,0,0,0,0,0,0,0,0,0,0,0,0,0,0,0,0,0,0,0,0,0,0,0,0,0,0,0,0,0,0,0,0,0,0,0,0,0,0,0,0,0,0,0,0,0,0,0,0,0,0,0,0,0,0,0,0,0,0,0,0,0,0,0,0,0,0,0,0,0,0,0,0,0,0,0,0,0,0,0,0,0,0,0,0,0,0,0,0,0,0,0,0,0,0,0,0,0,0,0,0,0,0,0,0,0,0,0,0,0,0,0,0,0,0,0,0,0,0,0,0,0,0,0,0,0,0,0,0,0,0,0,0,0,0,0,0,0,0,0,0,0,0,0,0,0,0,0,0,0,0,0,0,0,0,0,0,0,0,0,0,0,0,0,0,0,0,0,0,0,0,0,0,0,0,0,0,0,0,0,0,0,0,0,0,0,0,0,0,0,0,0,0,0,0,0,0,0,0,0,0,0,0,0,0,0,0,0,0,0,0,0,0,0,0,0,0,0,0,0,0,0,0,0,0,0,0,0,0,0,0,0,0,0,0,0,0,0,0,0,0,0,0,0,0,0,0,0,0,0,0,0,0,0,0,0,0,0,0,0,0,0,0,0,0,0,0,0,0,0,0,0,0,0,0,0,0,0,0,0,0,0,65,65,0,0,0,0,0,0,0,0,0,0,0,0,0,0,0,0,0,0,0,0,0,0,0,0,0,0,0,0,0,0,0,0,0,0,0,0,0,0,0,0,0,0,0,0,0,0,0,0,0,0,0,0,0,0,0,0,0,0,0,0,0,0,0,0,0,0,0,0,0,0,0,0,0,0,0,0,0,0,0,0,0,0,0,0,0,0,0,0,0,0,0,0,0,0,0,0,0,0,0,0,0,0,0,0,0,0,0,0,0,0,0,0,0,0,0,0,0,0,0,0,0,0,0,0,0,0,0,0,0,0,0,0,0,0,0,0,0,0,0,0,0,0,0,0,0,0,0,0,0,0,0,0,0,0,0,0,0,0,0,0,0,0,0,0,0,0,0,0,0,0,0,0,0,0,0,0,0,0,0,0,0,0,0,0,0,0,0,0,0,0,0,0,0,0,0,0,0,0,0,0,0,0,0,0,0,0,0,0,0,0,0,0,0,0,0,0,0,0,0,0,0,0,0,0,0,0,0,0,0,0,65,65
