-13250.85900	13381.92500
-15322.65900	15453.72500
-15307.12600	15469.16300
-15261.16400	15514.55900
-15215.06000	15559.81400
-15168.88600	15604.99800
-15122.50000	15649.97000
-15076.04300	15694.87100
-15029.37400	15739.56100
-14982.63400	15784.17900
-14935.75300	15828.65600
-14888.66000	15872.92100
-14841.49600	15917.11500
-14794.19000	15961.16800
-14746.81400	16005.00800
-14699.29700	16048.84900
-14651.63800	16092.40700
-14603.76700	16135.89400
-14555.89500	16179.24000
-14507.81200	16222.37300
-14459.65800	16265.43600
-14411.29200	16308.28700
-14362.85500	16351.06600
-14314.27700	16393.70500
-14265.62800	16436.13100
-14216.76700	16478.48700
-14167.83500	16520.63100
-14118.76200	16562.63300
-14069.54700	16604.63500
-14020.26200	16646.28400
-13970.83500	16687.93200
-13921.19600	16729.36900
-13871.55700	16770.66400
-13821.77700	16811.81700
-13771.78500	16852.75900
-13721.72200	16893.63000
-13671.51700	16934.35900
-13621.31200	16974.94700
-13570.89600	17015.32300
-13520.33800	17055.55700
-13469.70900	17095.72100
-13418.86800	17135.67200
-13368.02700	17175.48200
-13316.97400	17215.08000
-13265.85000	17254.60800
-13214.58500	17293.99300
-13163.24900	17333.16700
-13111.77100	17372.19900
-13060.15200	17411.09000
-13008.46300	17449.91000
-12956.63200	17488.44800
-12904.73000	17526.91400
-12852.61700	17565.16900
-12800.50300	17603.28200
-12748.24800	17641.25400
-12695.85100	17679.08400
-12643.31300	17716.77300
-12590.70400	17754.24900
-12537.95400	17791.58400
-12485.20400	17828.77800
-12432.17100	17865.83100
-12379.13800	17902.74200
-12325.96300	17939.37000
-12272.71800	17975.92700
-12219.33200	18012.34300
-12165.80400	18048.61800
-12112.20500	18084.68000
-12058.53600	18120.67200
-12004.72500	18156.38100
-11950.84300	18192.01900
-11896.75000	18227.44500
-11842.65600	18262.73000
-11788.42100	18297.87300
-11734.11500	18332.80400
-11679.66800	18367.59400
-11625.15000	18402.31300
-11570.49100	18436.74900
-11515.76000	18471.11400
-11460.88900	18505.19700
-11405.94700	18539.20800
-11350.86300	18573.07900
-11295.70900	18606.73700
-11240.48400	18640.18300
-11185.18800	18673.55900
-11129.68000	18706.72200
-11074.17200	18739.74400
-11018.52300	18772.62400
-10962.80300	18805.29300
-10906.94200	18837.82000
-10851.00900	18870.13400
-10794.93600	18902.30800
-10738.86200	18934.34000
-10682.71800	18966.16000
-10626.29100	18997.83800
-10569.93400	19029.30400
-10513.43700	19060.77000
-10456.86800	19091.88300
-10400.15800	19122.85400
-10343.37700	19153.75500
-10286.52600	19184.44300
-10229.60400	19214.92000
-10172.54000	19245.25500
-10115.40600	19275.37700
-10058.20100	19305.42900
-10000.85500	19335.19900
-9943.43800	19364.89700
-9885.95000	19394.38300
-9828.32100	19423.72800
-9770.69200	19452.79000
-9712.92100	19481.85200
-9655.15000	19510.63200
-9597.23800	19539.27000
-9539.18500	19567.76600
-9481.13100	19595.98000
-9422.86600	19624.12200
-9364.67100	19652.05300
-9306.33500	19679.84200
-9247.92800	19707.42000
-9189.37900	19734.85500
-9130.76000	19762.07900
-9072.14100	19789.16100
-9013.38000	19816.10200
-8954.54900	19842.83000
-8895.64700	19869.34700
-8836.74500	19895.72200
-8777.63100	19921.88500
-8718.51700	19947.90700
-8659.26100	19973.78700
-8599.93500	19999.45500
-8540.60900	20024.98100
-8481.21200	20050.29600
-8421.67300	20075.46900
-8362.06400	20100.42900
-8302.38400	20125.17800
-8242.63400	20149.85600
-8182.88300	20174.25100
-8122.99100	20198.50500
-8062.95800	20222.61800
-8002.99500	20246.51800
-7942.89100	20270.27700
-7882.71700	20293.82300
-7822.47100	20317.15800
-7762.15500	20340.28000
-7701.76800	20363.33200
-7641.31000	20386.17100
-7580.85300	20408.86900
-7520.25400	20431.28500
-7459.58400	20453.62900
-7398.91400	20475.69100
-7338.10300	20497.61100
-7277.29200	20519.39000
-7216.41000	20540.95700
-7155.38700	20562.38200
-7094.36300	20583.52500
-7033.26900	20604.59700
-6972.10400	20625.45600
-6910.86900	20646.10400
-6849.63400	20666.61000
-6788.32700	20686.90400
-6726.88000	20707.05600
-6665.43200	20726.92600
-6603.91400	20746.72500
-6542.32500	20766.31200
-6480.66500	20785.68700
-6419.00600	20804.92000
-6357.27500	20823.94100
-6295.47400	20842.75000
-6233.67300	20861.41800
-6171.66000	20879.87300
-6109.78800	20898.18700
-6047.70400	20916.28900
-5985.62000	20934.25000
-5923.53600	20951.92700
-5861.31000	20969.46400
-5799.08500	20986.85900
-5736.78900	21004.04100
-5674.49300	21021.08300
-5612.05500	21037.84100
-5549.68800	21054.52900
-5487.18000	21070.93400
-5424.67200	21087.19700
-5362.02200	21103.31900
-5299.37300	21119.15800
-5236.72300	21134.85600
-5174.07300	21150.41200
-5111.28200	21165.68600
-5048.42000	21180.88900
-4985.55900	21195.80900
-4922.69700	21210.58700
-4859.76400	21225.15400
-4796.76100	21239.50800
-4733.68700	21253.79100
-4670.61300	21267.79200
-4607.53900	21281.65100
-4544.39500	21295.29900
-4481.17900	21308.73400
-4417.96400	21322.02700
-4354.67800	21335.10900
-4291.39200	21348.04900
-4228.03500	21360.77700
-4164.67800	21373.22200
-4101.25100	21385.59600
-4037.75300	21397.75800
-3974.25500	21409.63800
-3910.68600	21421.44600
-3847.18700	21433.04300
-3783.61900	21444.42700
-3719.90800	21455.67000
-3656.26900	21466.70100
-3592.55800	21477.52000
-3528.84800	21488.05600
-3465.06700	21498.52100
-3401.28600	21508.84500
-3337.50500	21518.88600
-3273.58200	21528.78500
-3209.73100	21538.47300
-3145.80800	21547.94800
-3081.88600	21557.28200
-3017.89300	21566.40300
-2953.97000	21575.31300
-2889.90600	21584.08100
-2825.91300	21592.63700
-2761.84900	21600.98100
-2697.71500	21609.11300
-2633.58000	21617.10300
-2569.44500	21624.95200
-2505.31100	21632.51800
-2441.10600	21640.01300
-2376.90000	21647.22600
-2312.69500	21654.15500
-2248.41900	21661.01400
-2184.14300	21667.73200
-2119.86700	21674.16600
-2055.52000	21680.38900
-1991.24400	21686.54100
-1926.89800	21692.33900
-1862.48000	21698.06700
-1798.13300	21703.58200
-1733.71600	21708.88500
-1669.36900	21713.97600
-1604.88100	21718.92600
-1540.46400	21723.66400
-1476.04600	21728.26000
-1411.62900	21732.57300
-1347.07000	21736.74500
-1282.58200	21740.70500
-1218.09400	21744.52300
-1153.60600	21748.05900
-1089.04700	21751.52400
-1024.48800	21754.70600
-960.00000	21757.67600
-895.44100	21760.57500
-830.88200	21763.19100
-766.32300	21765.66600
-701.76400	21767.85800
-700.00000	21767.91400
-700.00000	18836.05500
-749.21100	18834.14300
-809.31500	18831.59700
-869.41900	18828.76900
-929.52300	18825.79900
-989.62800	18822.68800
-1049.66100	18819.36400
-1109.62400	18815.82900
-1169.72800	18812.15200
-1229.69000	18808.19200
-1289.79400	18804.09100
-1349.75700	18799.84800
-1409.72000	18795.32300
-1469.68200	18790.65600
-1529.64500	18785.84700
-1589.60800	18780.75600
-1649.50000	18775.45300
-1709.39200	18770.00800
-1769.28300	18764.42200
-1829.17500	18758.55300
-1888.99700	18752.61300
-1948.81800	18746.39100
-2008.63900	18740.02700
-2068.46000	18733.38000
-2128.21100	18726.66200
-2187.96100	18719.66200
-2247.71200	18712.52000
-2307.39200	18705.16600
-2367.07200	18697.67100
-2426.75100	18689.89300
-2486.29000	18681.97300
-2545.97000	18673.91200
-2605.50800	18665.56800
-2665.04600	18657.08300
-2724.65500	18648.38600
-2784.12300	18639.54700
-2843.52000	18630.49600
-2902.98800	18621.23300
-2962.38500	18611.75800
-3021.78200	18602.14100
-3081.10800	18592.31200
-3140.43400	18582.34200
-3199.69000	18572.16000
-3259.01600	18561.76500
-3318.13000	18551.15900
-3377.38600	18540.41100
-3436.50000	18529.52100
-3495.61400	18518.34900
-3554.65700	18506.96400
-3613.70100	18495.43900
-3672.74400	18483.77100
-3731.71700	18471.89200
-3790.61900	18459.80000
-3849.52100	18447.56700
-3908.35200	18435.12200
-3967.18300	18422.39400
-4025.94400	18409.59600
-4084.63400	18396.58500
-4143.39400	18383.36200
-4202.01400	18369.99800
-4260.56200	18356.42100
-4319.18100	18342.63300
-4377.65900	18328.70300
-4436.13700	18314.49000
-4494.54400	18300.20600
-4552.88000	18285.71100
-4611.21600	18270.93200
-4669.48200	18256.08300
-4727.74800	18240.95100
-4785.94200	18225.74800
-4844.06700	18210.33300
-4902.12000	18194.70600
-4960.17400	18178.79600
-5018.15600	18162.81500
-5076.13900	18146.69300
-5133.98000	18130.28900
-5191.82200	18113.74200
-5249.59200	18096.98400
-5307.36300	18080.08400
-5364.92100	18062.97200
-5422.55100	18045.64800
-5480.10900	18028.25300
-5537.66800	18010.57500
-5595.08500	17992.75600
-5652.50200	17974.65400
-5709.84800	17956.48200
-5767.12400	17938.09700
-5824.32900	17919.50000
-5881.39200	17900.76200
-5938.52600	17881.81100
-5995.51900	17862.71900
-6052.51200	17843.34500
-6109.43400	17823.89900
-6166.28600	17804.24200
-6223.06600	17784.37200
-6279.84700	17764.36100
-6336.41500	17744.13800
-6392.98400	17723.77300
-6449.55300	17703.12500
-6505.98000	17682.47800
-6562.40700	17661.54700
-6618.76300	17640.40500
-6674.97800	17619.12100
-6731.19300	17597.69600
-6787.26700	17575.98800
-6843.34000	17554.13800
-6899.27200	17532.14700
-6955.27500	17509.94400
-7011.06600	17487.67000
-7066.85700	17465.11300
-7122.57700	17442.34400
-7178.15500	17419.43400
-7233.73400	17396.38200
-7289.24200	17373.11900
-7344.60800	17349.71300
-7399.90400	17326.09600
-7455.20000	17302.33700
-7510.28300	17278.36600
-7565.43800	17254.18300
-7620.45100	17229.85900
-7675.39300	17205.46400
-7730.26400	17180.71500
-7785.06500	17155.89500
-7839.72400	17130.93500
-7894.38400	17105.69100
-7948.97200	17080.37600
-8003.34900	17054.85000
-8057.79600	17029.11100
-8112.10200	17003.23100
-8166.26600	16977.21000
-8220.43100	16951.04700
-8274.45400	16924.60100
-8328.47700	16898.01400
-8382.35800	16871.28500
-8436.09800	16844.41500
-8489.83800	16817.26200
-8543.43700	16789.96800
-8596.96500	16762.60300
-8650.42200	16735.02500
-8703.80900	16707.23600
-8757.05400	16679.30500
-8810.22900	16651.16300
-8863.33200	16622.94900
-8916.29500	16594.45300
-8969.25700	16565.81500
-9022.07800	16537.03600
-9074.75700	16508.11500
-9127.36600	16478.98200
-9179.97500	16449.70800
-9232.37100	16420.22200
-9284.76800	16390.59400
-9337.02300	16360.82500
-9389.20800	16330.84300
-9441.25100	16300.72000
-9493.15200	16270.45600
-9545.05400	16240.05100
-9596.81400	16209.36200
-9648.50400	16178.60300
-9700.12200	16147.63200
-9751.60000	16116.51900
-9802.93600	16085.26500
-9854.20100	16053.79900
-9905.39600	16022.12000
-9956.44900	15990.44200
-10007.50200	15958.48100
-10058.27200	15926.37800
-10109.04200	15894.13400
-10159.74200	15861.67800
-10210.30000	15829.08000
-10260.78700	15796.41200
-10311.13300	15763.46100
-10361.40900	15730.43900
-10411.54300	15697.13400
-10461.53500	15663.82900
-10511.52700	15630.24200
-10561.30800	15596.58400
-10611.01700	15562.71300
-10660.65600	15528.63100
-10710.15400	15494.54800
-10759.51000	15460.18300
-10808.86600	15425.67600
-10857.93900	15391.02800
-10907.01200	15356.23800
-10956.01500	15321.23600
-11004.80500	15286.16400
-11053.52500	15250.87900
-11102.10300	15215.45300
-11150.68100	15179.88600
-11199.04700	15144.10600
-11247.27200	15108.18500
-11295.42600	15072.19300
-11343.50900	15035.98900
-11391.45100	14999.64400
-11439.18100	14963.08700
-11486.91100	14926.38800
-11534.49900	14889.68900
-11581.94600	14852.70700
-11629.25100	14815.58400
-11676.48600	14778.24900
-11723.57900	14740.91400
-11770.53100	14703.29600
-11817.41200	14665.60700
-11864.15200	14627.77700
-11910.82100	14589.73400
-11957.27800	14551.62100
-12003.66400	14513.29600
-12049.90900	14474.82900
-12096.01200	14436.22100
-12142.04500	14397.40100
-12187.93600	14358.58100
-12233.68600	14319.47800
-12279.36500	14280.30400
-12324.83200	14240.91800
-12370.22800	14201.46200
-12415.48300	14161.86400
-12460.59700	14122.12500
-12505.63900	14082.17300
-12550.47000	14042.15100
-12595.23000	14001.91600
-12639.84800	13961.54100
-12684.25400	13921.09400
-12728.66100	13880.50600
-12772.85500	13839.70600
-12816.97800	13798.83500
-12860.96000	13757.68200
-12904.80100	13716.52800
-12948.50000	13675.23300
-12992.05800	13633.79700
-13035.54500	13592.14800
-13078.82000	13550.42900
-13122.02400	13508.49700
-13165.01600	13466.49500
-13207.93800	13424.28100
-13250.71800	13382.06700