顶点列表:
-13250.859,13381.925;-15322.659,15453.725;-15307.126,15469.163;-15261.164,15514.559;-15215.060,15559.814;-15168.886,15604.998;-15122.500,15649.970;-15076.043,15694.871;-15029.374,15739.561;-14982.634,15784.179;-14935.753,15828.656;-14888.660,15872.921;-14841.496,15917.115;-14794.190,15961.168;-14746.814,16005.008;-14699.297,16048.849;-14651.638,16092.407;-14603.767,16135.894;-14555.895,16179.240;-14507.812,16222.373;-14459.658,16265.436;-14411.292,16308.287;-14362.855,16351.066;-14314.277,16393.705;-14265.628,16436.131;-14216.767,16478.487;-14167.835,16520.631;-14118.762,16562.633;-14069.547,16604.635;-14020.262,16646.284;-13970.835,16687.932;-13921.196,16729.369;-13871.557,16770.664;-13821.777,16811.817;-13771.785,16852.759;-13721.722,16893.630;-13671.517,16934.359;-13621.312,16974.947;-13570.896,17015.323;-13520.338,17055.557;-13469.709,17095.721;-13418.868,17135.672;-13368.027,17175.482;-13316.974,17215.080;-13265.850,17254.608;-13214.585,17293.993;-13163.249,17333.167;-13111.771,17372.199;-13060.152,17411.090;-13008.463,17449.910;-12956.632,17488.448;-12904.730,17526.914;-12852.617,17565.169;-12800.503,17603.282;-12748.248,17641.254;-12695.851,17679.084;-12643.313,17716.773;-12590.704,17754.249;-12537.954,17791.584;-12485.204,17828.778;-12432.171,17865.831;-12379.138,17902.742;-12325.963,17939.370;-12272.718,17975.927;-12219.332,18012.343;-12165.804,18048.618;-12112.205,18084.680;-12058.536,18120.672;-12004.725,18156.381;-11950.843,18192.019;-11896.750,18227.445;-11842.656,18262.730;-11788.421,18297.873;-11734.115,18332.804;-11679.668,18367.594;-11625.150,18402.313;-11570.491,18436.749;-11515.760,18471.114;-11460.889,18505.197;-11405.947,18539.208;-11350.863,18573.079;-11295.709,18606.737;-11240.484,18640.183;-11185.188,18673.559;-11129.680,18706.722;-11074.172,18739.744;-11018.523,18772.624;-10962.803,18805.293;-10906.942,18837.820;-10851.009,18870.134;-10794.936,18902.308;-10738.862,18934.340;-10682.718,18966.160;-10626.291,18997.838;-10569.934,19029.304;-10513.437,19060.770;-10456.868,19091.883;-10400.158,19122.854;-10343.377,19153.755;-10286.526,19184.443;-10229.604,19214.920;-10172.540,19245.255;-10115.406,19275.377;-10058.201,19305.429;-10000.855,19335.199;-9943.438,19364.897;-9885.950,19394.383;-9828.321,19423.728;-9770.692,19452.790;-9712.921,19481.852;-9655.150,19510.632;-9597.238,19539.270;-9539.185,19567.766;-9481.131,19595.980;-9422.866,19624.122;-9364.671,19652.053;-9306.335,19679.842;-9247.928,19707.420;-9189.379,19734.855;-9130.760,19762.079;-9072.141,19789.161;-9013.380,19816.102;-8954.549,19842.830;-8895.647,19869.347;-8836.745,19895.722;-8777.631,19921.885;-8718.517,19947.907;-8659.261,19973.787;-8599.935,19999.455;-8540.609,20024.981;-8481.212,20050.296;-8421.673,20075.469;-8362.064,20100.429;-8302.384,20125.178;-8242.634,20149.856;-8182.883,20174.251;-8122.991,20198.505;-8062.958,20222.618;-8002.995,20246.518;-7942.891,20270.277;-7882.717,20293.823;-7822.471,20317.158;-7762.155,20340.280;-7701.768,20363.332;-7641.310,20386.171;-7580.853,20408.869;-7520.254,20431.285;-7459.584,20453.629;-7398.914,20475.691;-7338.103,20497.611;-7277.292,20519.390;-7216.410,20540.957;-7155.387,20562.382;-7094.363,20583.525;-7033.269,20604.597;-6972.104,20625.456;-6910.869,20646.104;-6849.634,20666.610;-6788.327,20686.904;-6726.880,20707.056;-6665.432,20726.926;-6603.914,20746.725;-6542.325,20766.312;-6480.665,20785.687;-6419.006,20804.920;-6357.275,20823.941;-6295.474,20842.750;-6233.673,20861.418;-6171.660,20879.873;-6109.788,20898.187;-6047.704,20916.289;-5985.620,20934.250;-5923.536,20951.927;-5861.310,20969.464;-5799.085,20986.859;-5736.789,21004.041;-5674.493,21021.083;-5612.055,21037.841;-5549.688,21054.529;-5487.180,21070.934;-5424.672,21087.197;-5362.022,21103.319;-5299.373,21119.158;-5236.723,21134.856;-5174.073,21150.412;-5111.282,21165.686;-5048.420,21180.889;-4985.559,21195.809;-4922.697,21210.587;-4859.764,21225.154;-4796.761,21239.508;-4733.687,21253.791;-4670.613,21267.792;-4607.539,21281.651;-4544.395,21295.299;-4481.179,21308.734;-4417.964,21322.027;-4354.678,21335.109;-4291.392,21348.049;-4228.035,21360.777;-4164.678,21373.222;-4101.251,21385.596;-4037.753,21397.758;-3974.255,21409.638;-3910.686,21421.446;-3847.187,21433.043;-3783.619,21444.427;-3719.908,21455.670;-3656.269,21466.701;-3592.558,21477.520;-3528.848,21488.056;-3465.067,21498.521;-3401.286,21508.845;-3337.505,21518.886;-3273.582,21528.785;-3209.731,21538.473;-3145.808,21547.948;-3081.886,21557.282;-3017.893,21566.403;-2953.970,21575.313;-2889.906,21584.081;-2825.913,21592.637;-2761.849,21600.981;-2697.715,21609.113;-2633.580,21617.103;-2569.445,21624.952;-2505.311,21632.518;-2441.106,21640.013;-2376.900,21647.226;-2312.695,21654.155;-2248.419,21661.014;-2184.143,21667.732;-2119.867,21674.166;-2055.520,21680.389;-1991.244,21686.541;-1926.898,21692.339;-1862.480,21698.067;-1798.133,21703.582;-1733.716,21708.885;-1669.369,21713.976;-1604.881,21718.926;-1540.464,21723.664;-1476.046,21728.260;-1411.629,21732.573;-1347.070,21736.745;-1282.582,21740.705;-1218.094,21744.523;-1153.606,21748.059;-1089.047,21751.524;-1024.488,21754.706;-960.000,21757.676;-895.441,21760.575;-830.882,21763.191;-766.323,21765.666;-701.764,21767.858;-700.000,21767.914;-700.000,18836.055;-749.211,18834.143;-809.315,18831.597;-869.419,18828.769;-929.523,18825.799;-989.628,18822.688;-1049.661,18819.364;-1109.624,18815.829;-1169.728,18812.152;-1229.690,18808.192;-1289.794,18804.091;-1349.757,18799.848;-1409.720,18795.323;-1469.682,18790.656;-1529.645,18785.847;-1589.608,18780.756;-1649.500,18775.453;-1709.392,18770.008;-1769.283,18764.422;-1829.175,18758.553;-1888.997,18752.613;-1948.818,18746.391;-2008.639,18740.027;-2068.460,18733.380;-2128.211,18726.662;-2187.961,18719.662;-2247.712,18712.520;-2307.392,18705.166;-2367.072,18697.671;-2426.751,18689.893;-2486.290,18681.973;-2545.970,18673.912;-2605.508,18665.568;-2665.046,18657.083;-2724.655,18648.386;-2784.123,18639.547;-2843.520,18630.496;-2902.988,18621.233;-2962.385,18611.758;-3021.782,18602.141;-3081.108,18592.312;-3140.434,18582.342;-3199.690,18572.160;-3259.016,18561.765;-3318.130,18551.159;-3377.386,18540.411;-3436.500,18529.521;-3495.614,18518.349;-3554.657,18506.964;-3613.701,18495.439;-3672.744,18483.771;-3731.717,18471.892;-3790.619,18459.800;-3849.521,18447.567;-3908.352,18435.122;-3967.183,18422.394;-4025.944,18409.596;-4084.634,18396.585;-4143.394,18383.362;-4202.014,18369.998;-4260.562,18356.421;-4319.181,18342.633;-4377.659,18328.703;-4436.137,18314.490;-4494.544,18300.206;-4552.880,18285.711;-4611.216,18270.932;-4669.482,18256.083;-4727.748,18240.951;-4785.942,18225.748;-4844.067,18210.333;-4902.120,18194.706;-4960.174,18178.796;-5018.156,18162.815;-5076.139,18146.693;-5133.980,18130.289;-5191.822,18113.742;-5249.592,18096.984;-5307.363,18080.084;-5364.921,18062.972;-5422.551,18045.648;-5480.109,18028.253;-5537.668,18010.575;-5595.085,17992.756;-5652.502,17974.654;-5709.848,17956.482;-5767.124,17938.097;-5824.329,17919.500;-5881.392,17900.762;-5938.526,17881.811;-5995.519,17862.719;-6052.512,17843.345;-6109.434,17823.899;-6166.286,17804.242;-6223.066,17784.372;-6279.847,17764.361;-6336.415,17744.138;-6392.984,17723.773;-6449.553,17703.125;-6505.980,17682.478;-6562.407,17661.547;-6618.763,17640.405;-6674.978,17619.121;-6731.193,17597.696;-6787.267,17575.988;-6843.340,17554.138;-6899.272,17532.147;-6955.275,17509.944;-7011.066,17487.670;-7066.857,17465.113;-7122.577,17442.344;-7178.155,17419.434;-7233.734,17396.382;-7289.242,17373.119;-7344.608,17349.713;-7399.904,17326.096;-7455.200,17302.337;-7510.283,17278.366;-7565.438,17254.183;-7620.451,17229.859;-7675.393,17205.464;-7730.264,17180.715;-7785.065,17155.895;-7839.724,17130.935;-7894.384,17105.691;-7948.972,17080.376;-8003.349,17054.850;-8057.796,17029.111;-8112.102,17003.231;-8166.266,16977.210;-8220.431,16951.047;-8274.454,16924.601;-8328.477,16898.014;-8382.358,16871.285;-8436.098,16844.415;-8489.838,16817.262;-8543.437,16789.968;-8596.965,16762.603;-8650.422,16735.025;-8703.809,16707.236;-8757.054,16679.305;-8810.229,16651.163;-8863.332,16622.949;-8916.295,16594.453;-8969.257,16565.815;-9022.078,16537.036;-9074.757,16508.115;-9127.366,16478.982;-9179.975,16449.708;-9232.371,16420.222;-9284.768,16390.594;-9337.023,16360.825;-9389.208,16330.843;-9441.251,16300.720;-9493.152,16270.456;-9545.054,16240.051;-9596.814,16209.362;-9648.504,16178.603;-9700.122,16147.632;-9751.600,16116.519;-9802.936,16085.265;-9854.201,16053.799;-9905.396,16022.120;-9956.449,15990.442;-10007.502,15958.481;-10058.272,15926.378;-10109.042,15894.134;-10159.742,15861.678;-10210.300,15829.080;-10260.787,15796.412;-10311.133,15763.461;-10361.409,15730.439;-10411.543,15697.134;-10461.535,15663.829;-10511.527,15630.242;-10561.308,15596.584;-10611.017,15562.713;-10660.656,15528.631;-10710.154,15494.548;-10759.510,15460.183;-10808.866,15425.676;-10857.939,15391.028;-10907.012,15356.238;-10956.015,15321.236;-11004.805,15286.164;-11053.525,15250.879;-11102.103,15215.453;-11150.681,15179.886;-11199.047,15144.106;-11247.272,15108.185;-11295.426,15072.193;-11343.509,15035.989;-11391.451,14999.644;-11439.181,14963.087;-11486.911,14926.388;-11534.499,14889.689;-11581.946,14852.707;-11629.251,14815.584;-11676.486,14778.249;-11723.579,14740.914;-11770.531,14703.296;-11817.412,14665.607;-11864.152,14627.777;-11910.821,14589.734;-11957.278,14551.621;-12003.664,14513.296;-12049.909,14474.829;-12096.012,14436.221;-12142.045,14397.401;-12187.936,14358.581;-12233.686,14319.478;-12279.365,14280.304;-12324.832,14240.918;-12370.228,14201.462;-12415.483,14161.864;-12460.597,14122.125;-12505.639,14082.173;-12550.470,14042.151;-12595.230,14001.916;-12639.848,13961.541;-12684.254,13921.094;-12728.661,13880.506;-12772.855,13839.706;-12816.978,13798.835;-12860.960,13757.682;-12904.801,13716.528;-12948.500,13675.233;-12992.058,13633.797;-13035.545,13592.148;-13078.820,13550.429;-13122.024,13508.497;-13165.016,13466.495;-13207.938,13424.281;-13250.718,13382.067
短控制列表:
0,0,0,0,0,0,0,0,0,0,0,0,0,0,0,0,0,0,0,0,0,0,0,0,0,0,0,0,0,0,0,0,0,0,0,0,0,0,0,0,0,0,0,0,0,0,0,0,0,0,0,0,0,0,0,0,0,0,0,0,0,0,0,0,0,0,0,0,0,0,0,0,0,0,0,0,0,0,0,0,0,0,0,0,0,0,0,0,0,0,0,0,0,0,0,0,0,0,0,0,0,0,0,0,0,0,0,0,0,0,0,0,0,0,0,0,0,0,0,0,0,0,0,0,0,0,0,0,0,0,0,0,0,0,0,0,0,0,0,0,0,0,0,0,0,0,0,0,0,0,0,0,0,0,0,0,0,0,0,0,0,0,0,0,0,0,0,0,0,0,0,0,0,0,0,0,0,0,0,0,0,0,0,0,0,0,0,0,0,0,0,0,0,0,0,0,0,0,0,0,0,0,0,0,0,0,0,0,0,0,0,0,0,0,0,0,0,0,0,0,0,0,0,0,0,0,0,0,0,0,0,0,0,50,50,0,0,0,0,0,0,0,0,0,0,0,0,0,0,0,0,0,0,0,0,0,0,0,0,0,0,0,0,0,0,0,0,0,0,0,0,0,0,0,0,0,0,0,0,0,0,0,0,0,0,0,0,0,0,0,0,0,0,0,0,0,0,0,0,0,0,0,0,0,0,0,0,0,0,0,0,0,0,0,0,0,0,0,0,0,0,0,0,0,0,0,0,0,0,0,0,0,0,0,0,0,0,0,0,0,0,0,0,0,0,0,0,0,0,0,0,0,0,0,0,0,0,0,0,0,0,0,0,0,0,0,0,0,0,0,0,0,0,0,0,0,0,0,0,0,0,0,0,0,0,0,0,0,0,0,0,0,0,0,0,0,0,0,0,0,0,0,0,0,0,0,0,0,0,0,0,0,0,0,0,0,0,0,0,0,0,0,0,0,0,0,0,0,0,0,0,0,0,0,0,0,0,0,0,0,0,0,0,0,0,0,0,0,0,0,0,0,0,0,0,0,0,0,0,0,0,0,0,0,0,0,0,0,0,0,0,0,0,0,0,0,0,0,0,0,0,0,0,0,0,0,0,0,50,50
短控制列表2:
0,0,0,0,0,0,0,0,0,0,0,0,0,0,0,0,0,0,0,0,0,0,0,0,0,0,0,0,0,0,0,0,0,0,0,0,0,0,0,0,0,0,0,0,0,0,0,0,0,0,0,0,0,0,0,0,0,0,0,0,0,0,0,0,0,0,0,0,0,0,0,0,0,0,0,0,0,0,0,0,0,0,0,0,0,0,0,0,0,0,0,0,0,0,0,0,0,0,0,0,0,0,0,0,0,0,0,0,0,0,0,0,0,0,0,0,0,0,0,0,0,0,0,0,0,0,0,0,0,0,0,0,0,0,0,0,0,0,0,0,0,0,0,0,0,0,0,0,0,0,0,0,0,0,0,0,0,0,0,0,0,0,0,0,0,0,0,0,0,0,0,0,0,0,0,0,0,0,0,0,0,0,0,0,0,0,0,0,0,0,0,0,0,0,0,0,0,0,0,0,0,0,0,0,0,0,0,0,0,0,0,0,0,0,0,0,0,0,0,0,0,0,0,0,0,0,0,0,0,0,0,0,0,45,45,0,0,0,0,0,0,0,0,0,0,0,0,0,0,0,0,0,0,0,0,0,0,0,0,0,0,0,0,0,0,0,0,0,0,0,0,0,0,0,0,0,0,0,0,0,0,0,0,0,0,0,0,0,0,0,0,0,0,0,0,0,0,0,0,0,0,0,0,0,0,0,0,0,0,0,0,0,0,0,0,0,0,0,0,0,0,0,0,0,0,0,0,0,0,0,0,0,0,0,0,0,0,0,0,0,0,0,0,0,0,0,0,0,0,0,0,0,0,0,0,0,0,0,0,0,0,0,0,0,0,0,0,0,0,0,0,0,0,0,0,0,0,0,0,0,0,0,0,0,0,0,0,0,0,0,0,0,0,0,0,0,0,0,0,0,0,0,0,0,0,0,0,0,0,0,0,0,0,0,0,0,0,0,0,0,0,0,0,0,0,0,0,0,0,0,0,0,0,0,0,0,0,0,0,0,0,0,0,0,0,0,0,0,0,0,0,0,0,0,0,0,0,0,0,0,0,0,0,0,0,0,0,0,0,0,0,0,0,0,0,0,0,0,0,0,0,0,0,0,0,0,0,0,45,45
短控制列表3:
0,0,0,0,0,0,0,0,0,0,0,0,0,0,0,0,0,0,0,0,0,0,0,0,0,0,0,0,0,0,0,0,0,0,0,0,0,0,0,0,0,0,0,0,0,0,0,0,0,0,0,0,0,0,0,0,0,0,0,0,0,0,0,0,0,0,0,0,0,0,0,0,0,0,0,0,0,0,0,0,0,0,0,0,0,0,0,0,0,0,0,0,0,0,0,0,0,0,0,0,0,0,0,0,0,0,0,0,0,0,0,0,0,0,0,0,0,0,0,0,0,0,0,0,0,0,0,0,0,0,0,0,0,0,0,0,0,0,0,0,0,0,0,0,0,0,0,0,0,0,0,0,0,0,0,0,0,0,0,0,0,0,0,0,0,0,0,0,0,0,0,0,0,0,0,0,0,0,0,0,0,0,0,0,0,0,0,0,0,0,0,0,0,0,0,0,0,0,0,0,0,0,0,0,0,0,0,0,0,0,0,0,0,0,0,0,0,0,0,0,0,0,0,0,0,0,0,0,0,0,0,0,0,10,10,0,0,0,0,0,0,0,0,0,0,0,0,0,0,0,0,0,0,0,0,0,0,0,0,0,0,0,0,0,0,0,0,0,0,0,0,0,0,0,0,0,0,0,0,0,0,0,0,0,0,0,0,0,0,0,0,0,0,0,0,0,0,0,0,0,0,0,0,0,0,0,0,0,0,0,0,0,0,0,0,0,0,0,0,0,0,0,0,0,0,0,0,0,0,0,0,0,0,0,0,0,0,0,0,0,0,0,0,0,0,0,0,0,0,0,0,0,0,0,0,0,0,0,0,0,0,0,0,0,0,0,0,0,0,0,0,0,0,0,0,0,0,0,0,0,0,0,0,0,0,0,0,0,0,0,0,0,0,0,0,0,0,0,0,0,0,0,0,0,0,0,0,0,0,0,0,0,0,0,0,0,0,0,0,0,0,0,0,0,0,0,0,0,0,0,0,0,0,0,0,0,0,0,0,0,0,0,0,0,0,0,0,0,0,0,0,0,0,0,0,0,0,0,0,0,0,0,0,0,0,0,0,0,0,0,0,0,0,0,0,0,0,0,0,0,0,0,0,0,0,0,0,0,10,10
短控制列表4:
0,0,0,0,0,0,0,0,0,0,0,0,0,0,0,0,0,0,0,0,0,0,0,0,0,0,0,0,0,0,0,0,0,0,0,0,0,0,0,0,0,0,0,0,0,0,0,0,0,0,0,0,0,0,0,0,0,0,0,0,0,0,0,0,0,0,0,0,0,0,0,0,0,0,0,0,0,0,0,0,0,0,0,0,0,0,0,0,0,0,0,0,0,0,0,0,0,0,0,0,0,0,0,0,0,0,0,0,0,0,0,0,0,0,0,0,0,0,0,0,0,0,0,0,0,0,0,0,0,0,0,0,0,0,0,0,0,0,0,0,0,0,0,0,0,0,0,0,0,0,0,0,0,0,0,0,0,0,0,0,0,0,0,0,0,0,0,0,0,0,0,0,0,0,0,0,0,0,0,0,0,0,0,0,0,0,0,0,0,0,0,0,0,0,0,0,0,0,0,0,0,0,0,0,0,0,0,0,0,0,0,0,0,0,0,0,0,0,0,0,0,0,0,0,0,0,0,0,0,0,0,0,0,65,65,0,0,0,0,0,0,0,0,0,0,0,0,0,0,0,0,0,0,0,0,0,0,0,0,0,0,0,0,0,0,0,0,0,0,0,0,0,0,0,0,0,0,0,0,0,0,0,0,0,0,0,0,0,0,0,0,0,0,0,0,0,0,0,0,0,0,0,0,0,0,0,0,0,0,0,0,0,0,0,0,0,0,0,0,0,0,0,0,0,0,0,0,0,0,0,0,0,0,0,0,0,0,0,0,0,0,0,0,0,0,0,0,0,0,0,0,0,0,0,0,0,0,0,0,0,0,0,0,0,0,0,0,0,0,0,0,0,0,0,0,0,0,0,0,0,0,0,0,0,0,0,0,0,0,0,0,0,0,0,0,0,0,0,0,0,0,0,0,0,0,0,0,0,0,0,0,0,0,0,0,0,0,0,0,0,0,0,0,0,0,0,0,0,0,0,0,0,0,0,0,0,0,0,0,0,0,0,0,0,0,0,0,0,0,0,0,0,0,0,0,0,0,0,0,0,0,0,0,0,0,0,0,0,0,0,0,0,0,0,0,0,0,0,0,0,0,0,0,0,0,0,0,0,65,65
加长控制列表:
0,0,0,0,0,0,0,0,0,0,0,0,0,0,0,0,0,0,0,0,0,0,0,0,0,0,0,0,0,0,0,0,0,0,0,0,0,0,0,0,0,0,0,0,0,0,0,0,0,0,0,0,0,0,0,0,0,0,0,0,0,0,0,0,0,0,0,0,0,0,0,0,0,0,0,0,0,0,0,0,0,0,0,0,0,0,0,0,0,0,0,0,0,0,0,0,0,0,0,0,0,0,0,0,0,0,0,0,0,0,0,0,0,0,0,0,0,0,0,0,0,0,0,0,0,0,0,0,0,0,0,0,0,0,0,0,0,0,0,0,0,0,0,0,0,0,0,0,0,0,0,0,0,0,0,0,0,0,0,0,0,0,0,0,0,0,0,0,0,0,0,0,0,0,0,0,0,0,0,0,0,0,0,0,0,0,0,0,0,0,0,0,0,0,0,0,0,0,0,0,0,0,0,0,0,0,0,0,0,0,0,0,0,0,0,0,0,0,0,0,0,0,0,0,0,0,0,0,0,0,0,0,0,0,0,0,0,0,0,0,0,0,0,0,0,0,0,0,0,0,0,0,0,0,0,0,0,0,0,0,0,0,0,0,0,0,0,0,0,0,0,0,0,0,0,0,0,0,0,0,0,0,0,0,0,0,0,0,0,0,0,0,0,0,0,0,0,0,0,0,0,0,0,0,0,0,0,0,0,0,0,0,0,0,0,0,0,0,0,0,0,0,0,0,0,0,0,0,0,0,0,0,0,0,0,0,0,0,0,0,0,0,0,0,0,0,0,0,0,0,0,0,0,0,0,0,0,0,0,0,0,0,0,0,0,0,0,0,0,0,0,0,0,0,0,0,0,0,0,0,0,0,0,0,0,0,0,0,0,0,0,0,0,0,0,0,0,0,0,0,0,0,0,0,0,0,0,0,0,0,0,0,0,0,0,0,0,0,0,0,0,0,0,0,0,0,0,0,0,0,0,0,0,0,0,0,0,0,0,0,0,0,0,0,0,0,0,0,0,0,0,0,0,0,0,0,0,0,0,0,0,0,0,0,0,0,0,0,0,0,0,0,0,0,0,0,0,0,0,0,0,0,0,0,0,0,0,0,0,0,0,0,0,0,0,0,0,0,0,0,0,0,0,0,0,0,0,0,0,0,0,0,0,0,0,0,0,0,0,0,0,0,0,0,0,0,0,0,0,0,0,0,0,0,0,0,0,0,0,0,0,0,0,0,0,0,0,0,0,0,0,0,0,0,0,0,0,0,0,0,0,0,0,0,0,0,0,0,0,0,0,0,0,0,0,0,0,0,0,0,0,0,0,0,0,0,0,0,0,0,0,0,0,0,0,0,0,0,0,0,0,0,0,0,0,0,0,0,0,0,0,0,0,0,0,0,0,0,0,0,0,0,0,0,0,0,0,0,0,0,0,0,0,0,0,0,0,0,0,0,0,0,0,0,0,0,0,0,0,0,0,0,0,0,0,0,0,0,0,0,0,0,0,0,0,0,0,0,0,0,0,0,0,0,0,0,0,0,0,0,0,0,0,0,0,0,0,0,0,0,0,0,0,0,0,0,0,0,0,0,0,0,0,0,0,0,0,0,0,0,0,0,0,0,0,0,0,0,0,0,0,0,0,65,65,0,0,0,0,0,0,0,0,0,0,0,0,0,0,0,0,0,0,0,0,0,0,0,0,0,0,0,0,0,0,0,0,0,0,0,0,0,0,0,0,0,0,0,0,0,0,0,0,0,0,0,0,0,0,0,0,0,0,0,0,0,0,0,0,0,0,0,0,0,0,0,0,0,0,0,0,0,0,0,0,0,0,0,0,0,0,0,0,0,0,0,0,0,0,0,0,0,0,0,0,0,0,0,0,0,0,0,0,0,0,0,0,0,0,0,0,0,0,0,0,0,0,0,0,0,0,0,0,0,0,0,0,0,0,0,0,0,0,0,0,0,0,0,0,0,0,0,0,0,0,0,0,0,0,0,0,0,0,0,0,0,0,0,0,0,0,0,0,0,0,0,0,0,0,0,0,0,0,0,0,0,0,0,0,0,0,0,0,0,0,0,0,0,0,0,0,0,0,0,0,0,0,0,0,0,0,0,0,0,0,0,0,0,0,0,0,0,0,0,0,0,0,0,0,0,0,0,0,0,0,0,0,0,0,0,0,0,0,0,0,0,0,0,0,0,0,0,0,0,0,0,0,0,65,65
