顶点列表:
2215.323,2367.100;2213.600,2368.700;2195.200,2385.500;2176.799,2402.200;2158.200,2418.700;2139.500,2435.100;2120.700,2451.300;2101.700,2467.400;2082.600,2483.300;2063.400,2499.100;2044.100,2514.800;2024.600,2530.300;2005.100,2545.600;1985.400,2560.800;1965.600,2575.800;1945.700,2590.701;1925.600,2605.400;1905.500,2620.000;1885.200,2634.400;1864.900,2648.700;1844.400,2662.800;1823.800,2676.700;1803.100,2690.500;1782.300,2704.200;1761.400,2717.600;1740.400,2730.900;1719.300,2744.100;1698.099,2757.100;1676.800,2769.900;1655.400,2782.501;1633.901,2795.000;1612.300,2807.299;1590.600,2819.500;1568.800,2831.500;1547.000,2843.300;1525.000,2854.900;1503.000,2866.400;1480.800,2877.700;1458.600,2888.900;1436.300,2899.800;1413.901,2910.600;1391.400,2921.200;1368.800,2931.700;1346.200,2942.000;1323.500,2952.100;1300.700,2962.000;1277.800,2971.700;1254.799,2981.300;1231.800,2990.700;1208.700,2999.900;1185.601,3008.900;1162.300,3017.800;1139.000,3026.500;1115.699,3035.000;1092.199,3043.300;1068.800,3051.401;1045.200,3059.400;1021.601,3067.200;997.900,3074.800;974.200,3082.200;950.400,3089.400;926.500,3096.400;902.599,3103.300;878.700,3110.000;854.700,3116.500;830.600,3122.800;806.500,3128.899;782.400,3134.800;758.200,3140.600;734.000,3146.100;709.700,3151.500;685.400,3156.700;660.999,3161.700;636.600,3166.500;612.200,3171.100;587.700,3175.501;563.200,3179.800;538.700,3183.800;514.100,3187.700;489.600,3191.400;464.900,3194.900;440.300,3198.199;415.600,3201.300;390.900,3204.200;366.200,3206.900;341.500,3209.400;316.700,3211.801;292.000,3213.900;267.200,3215.900;242.401,3217.700;217.600,3219.300;192.800,3220.601;167.900,3221.800;143.100,3222.900;118.200,3223.700;100.000,3224.140;100.000,6149.527;110.800,6149.400;145.100,6148.800;179.400,6148.100;213.700,6147.100;248.000,6146.000;282.300,6144.600;316.600,6143.100;350.901,6141.400;385.100,6139.500;419.400,6137.400;453.600,6135.100;487.800,6132.600;522.100,6129.900;556.300,6127.000;590.400,6124.000;624.600,6120.700;658.700,6117.300;692.901,6113.600;727.000,6109.800;761.100,6105.800;795.100,6101.600;829.100,6097.200;863.200,6092.600;897.100,6087.900;931.100,6082.900;964.999,6077.700;998.900,6072.400;1032.800,6066.900;1066.600,6061.200;1100.400,6055.300;1134.200,6049.200;1167.900,6042.900;1201.700,6036.400;1235.300,6029.700;1268.901,6022.900;1302.500,6015.900;1336.100,6008.600;1369.600,6001.200;1403.100,5993.600;1436.500,5985.800;1469.900,5977.900;1503.200,5969.700;1536.500,5961.399;1569.700,5952.900;1602.900,5944.100;1636.100,5935.200;1669.200,5926.200;1702.200,5916.901;1735.200,5907.401;1768.100,5897.800;1801.000,5888.000;1833.800,5878.000;1866.600,5867.800;1899.300,5857.400;1932.000,5846.900;1964.600,5836.200;1997.100,5825.200;2029.600,5814.100;2062.000,5802.899;2094.300,5791.400;2126.600,5779.800;2158.800,5767.999;2191.000,5756.000;2223.099,5743.800;2255.100,5731.400;2287.001,5718.900;2318.900,5706.200;2350.700,5693.300;2382.500,5680.200;2414.100,5667.000;2445.699,5653.600;2477.200,5640.000;2508.600,5626.200;2540.000,5612.300;2571.300,5598.099;2602.500,5583.800;2633.600,5569.400;2664.600,5554.700;2695.600,5539.899;2726.500,5524.900;2757.200,5509.800;2788.001,5494.400;2818.600,5478.900;2849.100,5463.300;2879.500,5447.400;2909.900,5431.400;2940.200,5415.200;2970.300,5398.900;3000.400,5382.300;3030.400,5365.700;3060.300,5348.800;3090.100,5331.800;3119.800,5314.600;3149.399,5297.200;3178.900,5279.700;3208.300,5262.000;3237.600,5244.200;3266.800,5226.200;3296.000,5208.000;3324.999,5189.700;3353.900,5171.200;3382.700,5152.500;3411.399,5133.700;3440.000,5114.700;3468.500,5095.600;3496.800,5076.300;3525.100,5056.900;3553.300,5037.300;3581.300,5017.500;3609.300,4997.600;3637.099,4977.500;3664.800,4957.300;3692.400,4936.900;3719.900,4916.300;3747.301,4895.600;3774.600,4874.801;3801.700,4853.800;3828.700,4832.600;3855.600,4811.300;3882.400,4789.900;3909.100,4768.300;3935.600,4746.500;3962.100,4724.600;3988.400,4702.600;4014.500,4680.400;4040.600,4658.100;4066.500,4635.600;4092.300,4613.000;4118.001,4590.200;4143.600,4567.300;4169.000,4544.200;4194.300,4521.000;4219.400,4497.700;4244.500,4474.200;4269.400,4450.599;4284.415,4436.192
短控制列表:
50,0,0,0,0,0,0,0,0,0,0,0,0,0,0,0,0,0,0,0,0,0,0,0,0,0,0,0,0,0,0,0,0,0,0,0,0,0,0,0,0,0,0,0,0,0,0,0,0,0,0,0,0,0,0,0,0,0,0,0,0,0,0,0,0,0,0,0,0,0,0,0,0,0,0,0,0,0,0,0,0,0,0,0,0,0,0,0,0,0,0,0,0,0,0,0,0,0,0,0,0,0,0,0,0,0,0,0,0,0,0,0,0,0,0,0,0,0,0,0,0,0,0,0,0,0,0,0,0,0,0,0,0,0,0,0,50,50,0,0,0,0,0,0,0,0,0,0,0,0,0,0,0,0,0,0,0,0,0,0,0,0,0,0,0,0,0,0,0,0,0,0,0,0,0,0,0,0,0,0,0,0,0,0,0,0,0,0,0,0,0,0,0,0,0,0,0,0,0,0,0,0,0,0,0,0,0,0,0,0,0,0,0,0,0,0,0,0,0,0,0,0,0,0,0,0,0,0,0,0,0,0,50
短控制列表2:
45,0,0,0,0,0,0,0,0,0,0,0,0,0,0,0,0,0,0,0,0,0,0,0,0,0,0,0,0,0,0,0,0,0,0,0,0,0,0,0,0,0,0,0,0,0,0,0,0,0,0,0,0,0,0,0,0,0,0,0,0,0,0,0,0,0,0,0,0,0,0,0,0,0,0,0,0,0,0,0,0,0,0,0,0,0,0,0,0,0,0,0,0,0,0,0,0,0,0,0,0,0,0,0,0,0,0,0,0,0,0,0,0,0,0,0,0,0,0,0,0,0,0,0,0,0,0,0,0,0,0,0,0,0,0,0,45,45,0,0,0,0,0,0,0,0,0,0,0,0,0,0,0,0,0,0,0,0,0,0,0,0,0,0,0,0,0,0,0,0,0,0,0,0,0,0,0,0,0,0,0,0,0,0,0,0,0,0,0,0,0,0,0,0,0,0,0,0,0,0,0,0,0,0,0,0,0,0,0,0,0,0,0,0,0,0,0,0,0,0,0,0,0,0,0,0,0,0,0,0,0,0,45
短控制列表3:
10,0,0,0,0,0,0,0,0,0,0,0,0,0,0,0,0,0,0,0,0,0,0,0,0,0,0,0,0,0,0,0,0,0,0,0,0,0,0,0,0,0,0,0,0,0,0,0,0,0,0,0,0,0,0,0,0,0,0,0,0,0,0,0,0,0,0,0,0,0,0,0,0,0,0,0,0,0,0,0,0,0,0,0,0,0,0,0,0,0,0,0,0,0,0,0,0,0,0,0,0,0,0,0,0,0,0,0,0,0,0,0,0,0,0,0,0,0,0,0,0,0,0,0,0,0,0,0,0,0,0,0,0,0,0,0,10,10,0,0,0,0,0,0,0,0,0,0,0,0,0,0,0,0,0,0,0,0,0,0,0,0,0,0,0,0,0,0,0,0,0,0,0,0,0,0,0,0,0,0,0,0,0,0,0,0,0,0,0,0,0,0,0,0,0,0,0,0,0,0,0,0,0,0,0,0,0,0,0,0,0,0,0,0,0,0,0,0,0,0,0,0,0,0,0,0,0,0,0,0,0,0,10
短控制列表4:
65,0,0,0,0,0,0,0,0,0,0,0,0,0,0,0,0,0,0,0,0,0,0,0,0,0,0,0,0,0,0,0,0,0,0,0,0,0,0,0,0,0,0,0,0,0,0,0,0,0,0,0,0,0,0,0,0,0,0,0,0,0,0,0,0,0,0,0,0,0,0,0,0,0,0,0,0,0,0,0,0,0,0,0,0,0,0,0,0,0,0,0,0,0,0,0,0,0,0,0,0,0,0,0,0,0,0,0,0,0,0,0,0,0,0,0,0,0,0,0,0,0,0,0,0,0,0,0,0,0,0,0,0,0,0,0,65,65,0,0,0,0,0,0,0,0,0,0,0,0,0,0,0,0,0,0,0,0,0,0,0,0,0,0,0,0,0,0,0,0,0,0,0,0,0,0,0,0,0,0,0,0,0,0,0,0,0,0,0,0,0,0,0,0,0,0,0,0,0,0,0,0,0,0,0,0,0,0,0,0,0,0,0,0,0,0,0,0,0,0,0,0,0,0,0,0,0,0,0,0,0,0,65
加长控制列表:
0,0,0,0,0,0,0,0,0,0,0,0,0,0,0,0,0,0,0,0,0,0,0,0,0,0,0,0,0,0,0,0,0,0,0,0,0,0,0,0,0,0,0,0,0,0,0,0,0,0,0,0,0,0,0,0,0,0,0,0,0,0,0,0,0,0,0,0,0,0,0,0,0,0,0,0,0,0,0,0,0,0,0,0,0,0,0,0,0,0,0,0,0,0,0,0,0,0,0,0,0,0,0,0,0,0,0,0,0,0,0,0,0,0,0,0,0,0,0,0,0,0,0,0,0,0,0,0,0,0,0,0,0,0,0,0,0,0,0,0,0,0,0,0,0,0,0,0,0,0,0,0,0,0,0,0,0,0,0,0,0,0,0,0,0,0,0,0,0,0,0,0,0,0,0,0,0,0,0,0,0,0,0,0,0,0,0,0,0,0,0,0,0,0,0,0,0,0,0,0,0,0,0,0,0,0,0,0,0,0,0,0,0,0,0,0,0,0,0,0,0,0,0,0,0,0,0,0,0,0,0,0,0,65,0,0,0,0,0,0,0,0,0,0,0,0,0,0,0,0,0,0,0,0,0,0,0,0,0,0,0,0,0,0,0,0,0,0,0,0,0,0,0,0,0,0,0,0,0,0,0,0,0,0,0,0,0,0,0,0,0,0,0,0,0,0,0,0,0,0,0,0,0,0,0,0,0,0,0,0,0,0,0,0,0,0,0,0,0,0,0,0,0,0,0,0,0,0,0,0,0,0,0,0,0,0,0,0,0,0,0,0,0,0,0,0,0,0,0,0,0,0,0,0,0,0,0,0,0,0,0,0,0,0,0,0,0,0,0,65,65,0,0,0,0,0,0,0,0,0,0,0,0,0,0,0,0,0,0,0,0,0,0,0,0,0,0,0,0,0,0,0,0,0,0,0,0,0,0,0,0,0,0,0,0,0,0,0,0,0,0,0,0,0,0,0,0,0,0,0,0,0,0,0,0,0,0,0,0,0,0,0,0,0,0,0,0,0,0,0,0,0,0,0,0,0,0,0,0,0,0,0,0,0,0,65
