顶点列表:
8584.990,9245.884;8553.000,9275.400;8516.800,9308.600;8480.400,9341.700;8443.900,9374.600;8407.200,9407.400;8370.400,9440.000;8333.500,9472.500;8296.500,9504.900;8259.299,9537.100;8222.099,9569.100;8184.700,9601.100;8109.500,9664.500;8071.700,9695.901;8033.800,9727.300;7995.800,9758.400;7957.600,9789.500;7919.400,9820.400;7880.999,9851.100;7842.500,9881.700;7803.900,9912.100;7765.100,9942.400;7726.200,9972.500;7687.300,10002.500;7648.200,10032.300;7609.000,10062.000;7569.600,10091.500;7530.200,10120.900;7490.600,10150.100;7451.000,10179.200;7411.200,10208.100;7371.300,10236.800;7331.300,10265.400;7291.200,10293.800;7251.001,10322.100;7210.600,10350.200;7170.200,10378.200;7129.600,10406.000;7088.900,10433.600;7048.200,10461.100;7007.300,10488.500;6966.300,10515.600;6925.200,10542.600;6884.000,10569.501;6842.700,10596.200;6801.300,10622.700;6759.800,10649.100;6718.200,10675.300;6676.500,10701.300;6634.700,10727.200;6592.799,10752.900;6550.700,10778.500;6508.600,10803.800;6466.401,10829.100;6424.100,10854.100;6381.700,10879.000;6339.200,10903.700;6296.600,10928.300;6253.900,10952.700;6211.100,10976.900;6168.200,11001.000;6125.200,11024.900;6082.200,11048.600;6039.000,11072.100;5995.700,11095.500;5952.400,11118.700;5909.000,11141.800;5865.400,11164.701;5821.800,11187.400;5778.100,11209.900;5734.300,11232.300;5690.400,11254.500;5646.500,11276.500;5602.400,11298.300;5558.300,11320.000;5514.100,11341.500;5469.800,11362.901;5425.400,11384.000;5380.900,11405.000;5336.400,11425.800;5291.700,11446.500;5247.000,11466.900;5202.200,11487.200;5157.400,11507.300;5112.400,11527.300;5067.400,11547.100;5022.300,11566.600;4977.100,11586.099;4931.900,11605.300;4886.501,11624.400;4795.700,11662.000;4750.100,11680.500;4704.500,11698.800;4658.800,11717.000;4613.000,11735.000;4567.200,11752.800;4521.300,11770.500;4475.300,11787.900;4429.299,11805.200;4383.200,11822.300;4337.000,11839.200;4290.800,11855.900;4244.500,11872.500;4198.100,11888.900;4151.700,11905.099;4105.200,11921.100;4058.600,11936.900;4012.000,11952.600;3965.401,11968.000;3918.600,11983.300;3871.799,11998.400;3825.000,12013.300;3778.100,12028.101;3731.100,12042.601;3684.100,12057.000;3637.000,12071.200;3589.800,12085.200;3542.700,12098.999;3495.400,12112.700;3448.100,12126.100;3400.800,12139.400;3353.400,12152.500;3305.900,12165.400;3258.400,12178.100;3210.900,12190.599;3163.300,12202.900;3115.600,12215.100;3067.900,12227.100;3020.200,12238.800;2972.400,12250.399;2924.600,12261.800;2876.700,12273.100;2828.800,12284.099;2780.800,12295.000;2732.800,12305.600;2684.800,12316.100;2636.700,12326.400;2588.600,12336.500;2540.400,12346.400;2492.200,12356.100;2443.900,12365.600;2395.700,12374.999;2347.400,12384.100;2299.000,12393.100;2250.600,12401.900;2202.200,12410.500;2153.800,12418.899;2105.300,12427.100;2056.800,12435.100;2008.200,12443.000;1959.600,12450.600;1910.999,12458.100;1862.400,12465.300;1813.700,12472.401;1765.100,12479.300;1716.300,12486.000;1667.600,12492.500;1618.800,12498.800;1570.000,12504.901;1521.200,12510.900;1472.400,12516.600;1423.500,12522.200;1374.700,12527.500;1325.800,12532.700;1276.800,12537.700;1227.900,12542.500;1178.900,12547.100;1130.000,12551.500;1081.000,12555.700;1032.000,12559.701;982.901,12563.500;933.900,12567.200;884.901,12570.600;835.800,12573.900;786.700,12577.000;737.600,12579.800;688.500,12582.500;639.400,12585.000;590.300,12587.300;541.200,12589.401;492.000,12591.400;442.900,12593.099;393.700,12594.600;344.600,12596.000;295.400,12597.100;246.300,12598.100;197.100,12598.800;147.900,12599.400;100.000,12599.790;100.000,15529.787;134.100,15529.600;188.699,15529.100;243.300,15528.500;297.900,15527.600;352.400,15526.600;407.000,15525.300;461.500,15523.900;516.100,15522.200;570.600,15520.401;625.200,15518.399;679.700,15516.200;734.200,15513.800;788.700,15511.200;843.200,15508.400;897.700,15505.500;952.200,15502.300;1006.700,15499.000;1061.100,15495.400;1115.600,15491.700;1170.000,15487.700;1224.399,15483.600;1278.799,15479.300;1333.200,15474.800;1387.600,15470.100;1441.900,15465.200;1496.300,15460.200;1550.601,15454.900;1604.900,15449.401;1659.200,15443.800;1713.401,15438.000;1767.700,15431.900;1821.900,15425.700;1876.100,15419.300;1930.300,15412.700;1984.400,15405.899;2038.500,15398.900;2092.600,15391.800;2146.700,15384.400;2200.799,15376.800;2254.800,15369.100;2308.800,15361.200;2362.800,15353.100;2416.700,15344.700;2470.600,15336.200;2524.500,15327.599;2578.300,15318.700;2632.100,15309.600;2685.900,15300.400;2739.700,15290.900;2793.400,15281.299;2847.100,15271.500;2900.700,15261.399;2954.300,15251.200;3007.900,15240.900;3061.400,15230.299;3114.900,15219.500;3168.400,15208.600;3221.800,15197.401;3275.200,15186.100;3328.600,15174.601;3381.900,15162.900;3435.100,15151.000;3488.400,15138.900;3541.500,15126.599;3594.700,15114.200;3647.800,15101.600;3700.800,15088.700;3753.800,15075.700;3806.800,15062.499;3859.700,15049.100;3912.500,15035.600;3965.300,15021.800;4018.100,15007.900;4070.800,14993.800;4123.500,14979.400;4176.100,14965.000;4228.700,14950.300;4281.200,14935.401;4333.600,14920.400;4386.000,14905.100;4438.400,14889.700;4490.700,14874.100;4542.900,14858.300;4595.100,14842.400;4647.200,14826.201;4699.300,14809.900;4751.300,14793.400;4803.300,14776.700;4855.200,14759.800;4907.000,14742.700;4958.800,14725.499;5010.499,14708.000;5062.200,14690.400;5113.700,14672.600;5165.300,14654.700;5216.700,14636.500;5268.100,14618.200;5319.500,14599.700;5370.700,14581.000;5422.000,14562.100;5473.100,14542.999;5524.200,14523.800;5575.200,14504.401;5626.100,14484.800;5677.000,14465.000;5727.800,14445.100;5778.499,14424.900;5829.100,14404.600;5879.700,14384.100;5930.200,14363.500;5980.700,14342.600;6031.000,14321.600;6081.300,14300.400;6131.500,14279.100;6181.700,14257.500;6231.800,14235.800;6281.700,14213.900;6331.601,14191.800;6381.500,14169.600;6431.200,14147.100;6480.900,14124.500;6530.500,14101.800;6580.000,14078.800;6629.500,14055.700;6678.800,14032.400;6728.100,14008.900;6777.301,13985.300;6826.400,13961.500;6875.400,13937.500;6924.300,13913.300;6973.200,13889.000;7021.899,13864.500;7070.600,13839.800;7119.200,13815.000;7167.700,13790.000;7216.100,13764.800;7264.400,13739.400;7312.700,13713.900;7360.800,13688.200;7408.900,13662.300;7456.900,13636.300;7504.701,13610.100;7552.500,13583.700;7600.200,13557.200;7647.800,13530.500;7695.300,13503.600;7742.700,13476.600;7790.000,13449.400;7837.200,13422.000;7884.300,13394.500;7931.400,13366.800;7978.300,13338.900;8025.100,13310.900;8071.800,13282.700;8118.500,13254.300;8165.000,13225.800;8211.400,13197.100;8257.700,13168.300;8304.000,13139.300;8350.100,13110.100;8396.100,13080.700;8442.000,13051.300;8487.800,13021.600;8533.500,12991.800;8579.100,12961.800;8624.600,12931.700;8670.001,12901.400;8715.300,12870.900;8760.500,12840.300;8805.500,12809.500;8850.500,12778.600;8895.400,12747.500;8940.100,12716.200;8984.701,12684.800;9029.200,12653.300;9073.700,12621.500;9118.000,12589.700;9162.099,12557.600;9206.200,12525.400;9250.200,12493.100;9294.000,12460.600;9337.700,12428.000;9381.400,12395.200;9424.900,12362.199;9468.200,12329.100;9511.500,12295.800;9554.700,12262.400;9597.700,12228.900;9640.600,12195.100;9683.400,12161.300;9726.101,12127.300;9768.601,12093.100;9811.100,12058.800;9853.400,12024.300;9895.600,11989.700;9937.600,11954.900;9979.600,11920.000;10021.400,11885.000;10063.101,11849.800;10104.700,11814.400;10146.200,11778.900;10187.500,11743.300;10228.700,11707.500;10269.800,11671.600;10310.700,11635.500;10351.600,11599.300;10392.199,11562.900;10432.800,11526.401;10473.300,11489.800;10513.600,11453.000;10553.800,11416.100;10593.800,11379.000;10633.700,11341.800;10658.037,11318.930
短控制列表:
50,0,0,0,0,0,0,0,0,0,0,0,0,0,0,0,0,0,0,0,0,0,0,0,0,0,0,0,0,0,0,0,0,0,0,0,0,0,0,0,0,0,0,0,0,0,0,0,0,0,0,0,0,0,0,0,0,0,0,0,0,0,0,0,0,0,0,0,0,0,0,0,0,0,0,0,0,0,0,0,0,0,0,0,0,0,0,0,0,0,0,0,0,0,0,0,0,0,0,0,0,0,0,0,0,0,0,0,0,0,0,0,0,0,0,0,0,0,0,0,0,0,0,0,0,0,0,0,0,0,0,0,0,0,0,0,0,0,0,0,0,0,0,0,0,0,0,0,0,0,0,0,0,0,0,0,0,0,0,0,0,0,0,0,0,0,0,0,0,0,0,0,0,0,0,0,0,0,0,0,0,0,0,0,0,0,0,0,0,0,0,0,0,0,0,0,0,0,0,0,0,0,0,0,0,0,0,0,0,0,0,0,0,0,50,50,0,0,0,0,0,0,0,0,0,0,0,0,0,0,0,0,0,0,0,0,0,0,0,0,0,0,0,0,0,0,0,0,0,0,0,0,0,0,0,0,0,0,0,0,0,0,0,0,0,0,0,0,0,0,0,0,0,0,0,0,0,0,0,0,0,0,0,0,0,0,0,0,0,0,0,0,0,0,0,0,0,0,0,0,0,0,0,0,0,0,0,0,0,0,0,0,0,0,0,0,0,0,0,0,0,0,0,0,0,0,0,0,0,0,0,0,0,0,0,0,0,0,0,0,0,0,0,0,0,0,0,0,0,0,0,0,0,0,0,0,0,0,0,0,0,0,0,0,0,0,0,0,0,0,0,0,0,0,0,0,0,0,0,0,0,0,0,0,0,0,0,0,0,0,0,0,0,0,0,0,0,0,0,0,0,0,0,50
短控制列表2:
45,0,0,0,0,0,0,0,0,0,0,0,0,0,0,0,0,0,0,0,0,0,0,0,0,0,0,0,0,0,0,0,0,0,0,0,0,0,0,0,0,0,0,0,0,0,0,0,0,0,0,0,0,0,0,0,0,0,0,0,0,0,0,0,0,0,0,0,0,0,0,0,0,0,0,0,0,0,0,0,0,0,0,0,0,0,0,0,0,0,0,0,0,0,0,0,0,0,0,0,0,0,0,0,0,0,0,0,0,0,0,0,0,0,0,0,0,0,0,0,0,0,0,0,0,0,0,0,0,0,0,0,0,0,0,0,0,0,0,0,0,0,0,0,0,0,0,0,0,0,0,0,0,0,0,0,0,0,0,0,0,0,0,0,0,0,0,0,0,0,0,0,0,0,0,0,0,0,0,0,0,0,0,0,0,0,0,0,0,0,0,0,0,0,0,0,0,0,0,0,0,0,0,0,0,0,0,0,0,0,0,0,0,0,45,45,0,0,0,0,0,0,0,0,0,0,0,0,0,0,0,0,0,0,0,0,0,0,0,0,0,0,0,0,0,0,0,0,0,0,0,0,0,0,0,0,0,0,0,0,0,0,0,0,0,0,0,0,0,0,0,0,0,0,0,0,0,0,0,0,0,0,0,0,0,0,0,0,0,0,0,0,0,0,0,0,0,0,0,0,0,0,0,0,0,0,0,0,0,0,0,0,0,0,0,0,0,0,0,0,0,0,0,0,0,0,0,0,0,0,0,0,0,0,0,0,0,0,0,0,0,0,0,0,0,0,0,0,0,0,0,0,0,0,0,0,0,0,0,0,0,0,0,0,0,0,0,0,0,0,0,0,0,0,0,0,0,0,0,0,0,0,0,0,0,0,0,0,0,0,0,0,0,0,0,0,0,0,0,0,0,0,0,45
短控制列表3:
10,0,0,0,0,0,0,0,0,0,0,0,0,0,0,0,0,0,0,0,0,0,0,0,0,0,0,0,0,0,0,0,0,0,0,0,0,0,0,0,0,0,0,0,0,0,0,0,0,0,0,0,0,0,0,0,0,0,0,0,0,0,0,0,0,0,0,0,0,0,0,0,0,0,0,0,0,0,0,0,0,0,0,0,0,0,0,0,0,0,0,0,0,0,0,0,0,0,0,0,0,0,0,0,0,0,0,0,0,0,0,0,0,0,0,0,0,0,0,0,0,0,0,0,0,0,0,0,0,0,0,0,0,0,0,0,0,0,0,0,0,0,0,0,0,0,0,0,0,0,0,0,0,0,0,0,0,0,0,0,0,0,0,0,0,0,0,0,0,0,0,0,0,0,0,0,0,0,0,0,0,0,0,0,0,0,0,0,0,0,0,0,0,0,0,0,0,0,0,0,0,0,0,0,0,0,0,0,0,0,0,0,0,0,10,10,0,0,0,0,0,0,0,0,0,0,0,0,0,0,0,0,0,0,0,0,0,0,0,0,0,0,0,0,0,0,0,0,0,0,0,0,0,0,0,0,0,0,0,0,0,0,0,0,0,0,0,0,0,0,0,0,0,0,0,0,0,0,0,0,0,0,0,0,0,0,0,0,0,0,0,0,0,0,0,0,0,0,0,0,0,0,0,0,0,0,0,0,0,0,0,0,0,0,0,0,0,0,0,0,0,0,0,0,0,0,0,0,0,0,0,0,0,0,0,0,0,0,0,0,0,0,0,0,0,0,0,0,0,0,0,0,0,0,0,0,0,0,0,0,0,0,0,0,0,0,0,0,0,0,0,0,0,0,0,0,0,0,0,0,0,0,0,0,0,0,0,0,0,0,0,0,0,0,0,0,0,0,0,0,0,0,0,10
短控制列表4:
65,0,0,0,0,0,0,0,0,0,0,0,0,0,0,0,0,0,0,0,0,0,0,0,0,0,0,0,0,0,0,0,0,0,0,0,0,0,0,0,0,0,0,0,0,0,0,0,0,0,0,0,0,0,0,0,0,0,0,0,0,0,0,0,0,0,0,0,0,0,0,0,0,0,0,0,0,0,0,0,0,0,0,0,0,0,0,0,0,0,0,0,0,0,0,0,0,0,0,0,0,0,0,0,0,0,0,0,0,0,0,0,0,0,0,0,0,0,0,0,0,0,0,0,0,0,0,0,0,0,0,0,0,0,0,0,0,0,0,0,0,0,0,0,0,0,0,0,0,0,0,0,0,0,0,0,0,0,0,0,0,0,0,0,0,0,0,0,0,0,0,0,0,0,0,0,0,0,0,0,0,0,0,0,0,0,0,0,0,0,0,0,0,0,0,0,0,0,0,0,0,0,0,0,0,0,0,0,0,0,0,0,0,0,65,65,0,0,0,0,0,0,0,0,0,0,0,0,0,0,0,0,0,0,0,0,0,0,0,0,0,0,0,0,0,0,0,0,0,0,0,0,0,0,0,0,0,0,0,0,0,0,0,0,0,0,0,0,0,0,0,0,0,0,0,0,0,0,0,0,0,0,0,0,0,0,0,0,0,0,0,0,0,0,0,0,0,0,0,0,0,0,0,0,0,0,0,0,0,0,0,0,0,0,0,0,0,0,0,0,0,0,0,0,0,0,0,0,0,0,0,0,0,0,0,0,0,0,0,0,0,0,0,0,0,0,0,0,0,0,0,0,0,0,0,0,0,0,0,0,0,0,0,0,0,0,0,0,0,0,0,0,0,0,0,0,0,0,0,0,0,0,0,0,0,0,0,0,0,0,0,0,0,0,0,0,0,0,0,0,0,0,0,65
加长控制列表:
0,0,0,0,0,0,0,0,0,0,0,0,0,0,0,0,0,0,0,0,0,0,0,0,0,0,0,0,0,0,0,0,0,0,0,0,0,0,0,0,0,0,0,0,0,0,0,0,0,0,0,0,0,0,0,0,0,0,0,0,0,0,0,0,0,0,0,0,0,0,0,0,0,0,0,0,0,0,0,0,0,0,0,0,0,0,0,0,0,0,0,0,0,0,0,0,0,0,0,0,0,0,0,0,0,0,0,0,0,0,0,0,0,0,0,0,0,0,0,0,0,0,0,0,0,0,0,0,0,0,0,0,0,0,0,0,0,0,0,0,0,0,0,0,0,0,0,0,0,0,0,0,0,0,0,0,0,0,0,0,0,0,0,0,0,0,0,0,0,0,0,0,0,0,0,0,0,0,0,0,0,0,0,0,0,0,0,0,0,0,0,0,0,0,0,0,0,0,0,0,0,0,0,0,0,0,0,0,0,0,0,0,0,0,0,0,0,0,0,0,0,0,0,0,0,0,0,0,0,0,0,0,0,0,0,0,0,0,0,0,0,0,0,0,0,0,0,0,0,0,0,0,0,0,0,0,0,0,0,0,0,0,0,0,0,0,0,0,0,0,0,0,0,0,0,0,0,0,0,0,0,0,0,0,0,0,0,0,0,0,0,0,0,0,0,0,0,0,0,0,0,0,0,0,0,0,0,0,0,0,0,0,0,0,0,0,0,0,0,0,0,0,0,0,0,0,0,0,0,0,0,0,0,0,0,0,0,0,0,0,0,0,0,0,0,0,0,0,0,0,0,0,0,0,0,0,0,0,0,0,0,0,0,0,0,0,0,0,0,0,0,0,0,0,0,0,0,0,0,0,0,0,0,0,0,0,0,0,0,0,0,0,0,0,0,0,0,0,0,0,0,0,0,0,65,0,0,0,0,0,0,0,0,0,0,0,0,0,0,0,0,0,0,0,0,0,0,0,0,0,0,0,0,0,0,0,0,0,0,0,0,0,0,0,0,0,0,0,0,0,0,0,0,0,0,0,0,0,0,0,0,0,0,0,0,0,0,0,0,0,0,0,0,0,0,0,0,0,0,0,0,0,0,0,0,0,0,0,0,0,0,0,0,0,0,0,0,0,0,0,0,0,0,0,0,0,0,0,0,0,0,0,0,0,0,0,0,0,0,0,0,0,0,0,0,0,0,0,0,0,0,0,0,0,0,0,0,0,0,0,0,0,0,0,0,0,0,0,0,0,0,0,0,0,0,0,0,0,0,0,0,0,0,0,0,0,0,0,0,0,0,0,0,0,0,0,0,0,0,0,0,0,0,0,0,0,0,0,0,0,0,0,0,0,0,0,0,0,0,0,0,0,0,0,0,0,0,0,0,0,0,0,0,0,0,0,0,0,65,65,0,0,0,0,0,0,0,0,0,0,0,0,0,0,0,0,0,0,0,0,0,0,0,0,0,0,0,0,0,0,0,0,0,0,0,0,0,0,0,0,0,0,0,0,0,0,0,0,0,0,0,0,0,0,0,0,0,0,0,0,0,0,0,0,0,0,0,0,0,0,0,0,0,0,0,0,0,0,0,0,0,0,0,0,0,0,0,0,0,0,0,0,0,0,0,0,0,0,0,0,0,0,0,0,0,0,0,0,0,0,0,0,0,0,0,0,0,0,0,0,0,0,0,0,0,0,0,0,0,0,0,0,0,0,0,0,0,0,0,0,0,0,0,0,0,0,0,0,0,0,0,0,0,0,0,0,0,0,0,0,0,0,0,0,0,0,0,0,0,0,0,0,0,0,0,0,0,0,0,0,0,0,0,0,0,0,0,65
