顶点列表:
10711.761,11542.360;10707.300,11546.500;10666.900,11583.700;10626.400,11620.800;10585.800,11657.800;10545.000,11694.600;10504.100,11731.300;10463.000,11767.800;10421.900,11804.199;10380.600,11840.400;10339.200,11876.500;10256.000,11948.299;10214.199,11983.900;10172.200,12019.400;10130.200,12054.800;10088.001,12090.000;10045.800,12125.100;10003.300,12160.000;9960.800,12194.800;9918.200,12229.400;9875.400,12263.899;9832.500,12298.200;9789.500,12332.400;9746.400,12366.400;9703.100,12400.300;9659.700,12434.000;9616.300,12467.600;9572.600,12501.000;9528.901,12534.300;9485.100,12567.400;9441.100,12600.400;9397.100,12633.200;9352.900,12665.800;9308.600,12698.301;9264.200,12730.700;9219.700,12762.900;9175.000,12794.901;9130.300,12826.800;9085.500,12858.501;9040.500,12890.100;8995.400,12921.500;8950.199,12952.700;8904.900,12983.801;8859.500,13014.800;8814.000,13045.600;8768.400,13076.200;8722.700,13106.600;8676.900,13136.900;8630.900,13167.100;8584.900,13197.000;8538.700,13226.900;8492.500,13256.500;8446.100,13286.000;8399.700,13315.300;8353.100,13344.499;8306.500,13373.500;8259.700,13402.300;8212.900,13431.000;8165.900,13459.500;8118.799,13487.900;8071.700,13516.100;8024.400,13544.100;7977.100,13572.000;7882.100,13627.200;7834.400,13654.500;7786.700,13681.700;7738.900,13708.700;7690.900,13735.600;7642.900,13762.300;7594.800,13788.800;7546.600,13815.200;7498.300,13841.400;7449.901,13867.400;7401.400,13893.199;7352.900,13918.900;7304.200,13944.400;7255.500,13969.700;7206.600,13994.900;7157.700,14019.900;7108.700,14044.700;7059.600,14069.400;7010.400,14093.900;6961.200,14118.200;6911.800,14142.300;6862.400,14166.300;6812.900,14190.100;6763.300,14213.700;6713.599,14237.100;6663.800,14260.400;6614.000,14283.500;6564.000,14306.400;6513.999,14329.200;6463.900,14351.800;6413.800,14374.200;6363.500,14396.400;6313.200,14418.500;6262.800,14440.300;6212.300,14462.000;6161.800,14483.500;6111.200,14504.900;6060.500,14526.100;5958.900,14567.900;5907.900,14588.500;5857.000,14609.000;5805.900,14629.200;5754.800,14649.300;5703.600,14669.300;5652.299,14689.000;5601.000,14708.600;5549.600,14728.000;5498.100,14747.200;5446.500,14766.200;5394.900,14785.000;5343.300,14803.700;5291.500,14822.200;5239.700,14840.500;5187.900,14858.600;5135.900,14876.500;5084.000,14894.300;5031.900,14911.901;4979.800,14929.300;4927.600,14946.500;4875.400,14963.500;4823.100,14980.399;4770.700,14997.000;4718.300,15013.500;4665.899,15029.800;4613.400,15045.900;4560.800,15061.901;4508.100,15077.600;4455.501,15093.200;4402.700,15108.600;4349.901,15123.800;4297.100,15138.800;4244.200,15153.600;4191.200,15168.300;4138.200,15182.701;4085.200,15197.000;4032.101,15211.100;3978.900,15225.000;3925.700,15238.701;3872.500,15252.200;3819.200,15265.600;3765.800,15278.699;3712.500,15291.700;3659.000,15304.500;3605.600,15317.100;3552.000,15329.500;3498.500,15341.701;3444.900,15353.801;3391.200,15365.600;3337.500,15377.300;3283.800,15388.701;3230.000,15400.000;3176.200,15411.100;3122.400,15422.000;3068.500,15432.800;3014.600,15443.300;2960.600,15453.700;2906.600,15463.800;2852.600,15473.800;2798.600,15483.600;2744.500,15493.200;2690.300,15502.600;2636.200,15511.800;2582.000,15520.800;2527.800,15529.600;2473.500,15538.300;2419.200,15546.700;2364.900,15555.000;2310.600,15563.100;2256.200,15571.000;2201.800,15578.699;2147.400,15586.200;2092.901,15593.500;2038.500,15600.601;1984.000,15607.600;1929.400,15614.300;1874.900,15620.900;1820.300,15627.200;1765.700,15633.400;1711.100,15639.400;1656.500,15645.200;1601.800,15650.800;1547.200,15656.200;1492.500,15661.400;1437.800,15666.400;1383.001,15671.300;1328.300,15675.900;1273.500,15680.400;1218.800,15684.600;1164.000,15688.700;1109.200,15692.600;1054.400,15696.300;999.501,15699.800;944.701,15703.100;889.799,15706.200;835.000,15709.101;780.100,15711.900;725.200,15714.400;670.300,15716.800;615.500,15718.900;560.599,15720.900;505.600,15722.700;450.700,15724.300;395.800,15725.600;340.900,15726.800;285.900,15727.800;231.000,15728.699;176.100,15729.300;121.099,15729.700;100.000,15729.815;100.000,18649.824;144.600,18649.601;204.400,18649.100;264.100,18648.500;323.900,18647.600;383.700,18646.600;443.500,18645.300;503.200,18643.901;563.000,18642.300;622.800,18640.400;682.500,18638.400;742.300,18636.200;802.000,18633.800;861.700,18631.200;921.500,18628.500;981.200,18625.500;1040.900,18622.300;1100.600,18619.000;1160.200,18615.400;1219.900,18611.700;1279.600,18607.800;1339.200,18603.600;1398.900,18599.300;1458.500,18594.800;1518.101,18590.200;1577.700,18585.300;1637.200,18580.200;1696.800,18574.900;1756.300,18569.499;1815.800,18563.800;1875.300,18558.000;1934.801,18552.000;1994.299,18545.800;2053.700,18539.300;2113.100,18532.700;2172.500,18526.000;2231.899,18519.000;2291.300,18511.800;2350.600,18504.400;2409.900,18496.899;2469.200,18489.200;2528.500,18481.200;2587.700,18473.100;2646.900,18464.800;2706.100,18456.300;2765.200,18447.600;2824.400,18438.700;2883.400,18429.700;2942.500,18420.400;3001.500,18411.000;3060.600,18401.300;3119.500,18391.499;3178.500,18381.500;3237.400,18371.300;3296.300,18360.899;3355.100,18350.300;3413.900,18339.500;3472.700,18328.600;3531.400,18317.400;3590.100,18306.100;3648.800,18294.600;3707.400,18282.901;3765.999,18271.000;3824.600,18258.900;3883.100,18246.600;3941.500,18234.100;4000.000,18221.500;4058.400,18208.600;4116.700,18195.600;4175.000,18182.400;4233.300,18169.001;4291.501,18155.400;4349.700,18141.700;4407.800,18127.700;4465.900,18113.600;4523.999,18099.200;4582.001,18084.700;4639.901,18070.000;4697.800,18055.100;4755.700,18040.100;4813.500,18024.800;4871.200,18009.400;4928.900,17993.700;4986.600,17977.900;5044.200,17961.900;5101.800,17945.700;5159.300,17929.400;5216.700,17912.800;5274.100,17896.100;5331.501,17879.200;5388.701,17862.100;5446.000,17844.800;5503.100,17827.300;5560.300,17809.700;5617.300,17791.800;5674.300,17773.800;5731.300,17755.600;5788.200,17737.200;5845.000,17718.600;5901.800,17699.900;5958.500,17681.000;6015.100,17661.900;6071.700,17642.601;6128.300,17623.100;6184.700,17603.400;6241.100,17583.600;6297.500,17563.600;6353.700,17543.400;6409.900,17523.000;6466.100,17502.400;6522.100,17481.700;6578.200,17460.800;6634.100,17439.701;6690.000,17418.400;6745.800,17397.000;6801.501,17375.300;6857.199,17353.500;6912.800,17331.500;6968.300,17309.401;7023.700,17287.000;7079.100,17264.500;7134.400,17241.800;7189.700,17218.900;7244.800,17195.800;7299.900,17172.600;7354.900,17149.201;7409.900,17125.600;7464.700,17101.900;7519.500,17077.900;7574.200,17053.800;7628.900,17029.500;7683.400,17005.100;7737.900,16980.400;7792.300,16955.600;7846.599,16930.600;7900.800,16905.500;7955.000,16880.100;8009.000,16854.599;8063.000,16828.900;8116.899,16803.100;8170.800,16777.100;8224.500,16750.900;8278.200,16724.500;8331.700,16697.900;8385.201,16671.200;8438.600,16644.300;8491.900,16617.300;8545.200,16590.100;8598.300,16562.700;8651.400,16535.100;8704.300,16507.300;8757.200,16479.400;8810.001,16451.400;8862.700,16423.100;8915.300,16394.700;8967.800,16366.100;9020.200,16337.400;9124.800,16279.400;9176.900,16250.099;9228.900,16220.700;9280.900,16191.100;9332.700,16161.300;9384.500,16131.400;9436.200,16101.300;9487.700,16071.100;9539.200,16040.700;9590.600,16010.100;9641.900,15979.300;9693.000,15948.400;9744.100,15917.300;9795.100,15886.100;9846.000,15854.700;9896.700,15823.100;9947.400,15791.400;9998.000,15759.500;10048.500,15727.500;10098.800,15695.300;10149.100,15662.900;10249.299,15597.700;10299.200,15564.800;10349.100,15531.800;10398.800,15498.600;10448.500,15465.300;10498.000,15431.800;10547.399,15398.100;10596.700,15364.300;10645.899,15330.300;10695.000,15296.200;10744.001,15261.900;10792.800,15227.500;10841.600,15192.900;10890.200,15158.100;10938.800,15123.200;10987.199,15088.200;11035.500,15053.000;11083.700,15017.600;11131.800,14982.100;11179.800,14946.400;11227.600,14910.500;11275.400,14874.500;11323.000,14838.400;11370.500,14802.100;11417.900,14765.700;11465.200,14729.099;11512.300,14692.300;11559.400,14655.400;11606.300,14618.400;11653.100,14581.200;11699.800,14543.800;11746.300,14506.300;11792.800,14468.700;11839.100,14430.900;11885.300,14392.900;11931.400,14354.800;11977.299,14316.600;12023.201,14278.200;12068.900,14239.700;12114.500,14201.000;12205.300,14123.200;12250.500,14084.101;12295.600,14044.800;12340.500,14005.400;12385.400,13965.800;12430.100,13926.100;12474.700,13886.300;12519.100,13846.300;12563.400,13806.200;12607.600,13765.900;12651.700,13725.500;12695.600,13685.000;12739.400,13644.301;12777.825,13608.424
短控制列表:
50,0,0,0,0,0,0,0,0,0,0,0,0,0,0,0,0,0,0,0,0,0,0,0,0,0,0,0,0,0,0,0,0,0,0,0,0,0,0,0,0,0,0,0,0,0,0,0,0,0,0,0,0,0,0,0,0,0,0,0,0,0,0,0,0,0,0,0,0,0,0,0,0,0,0,0,0,0,0,0,0,0,0,0,0,0,0,0,0,0,0,0,0,0,0,0,0,0,0,0,0,0,0,0,0,0,0,0,0,0,0,0,0,0,0,0,0,0,0,0,0,0,0,0,0,0,0,0,0,0,0,0,0,0,0,0,0,0,0,0,0,0,0,0,0,0,0,0,0,0,0,0,0,0,0,0,0,0,0,0,0,0,0,0,0,0,0,0,0,0,0,0,0,0,0,0,0,0,0,0,0,0,0,0,0,0,0,0,0,0,0,0,0,0,0,0,0,0,0,0,0,0,0,0,0,0,0,0,0,0,0,0,0,0,0,0,0,0,0,0,0,0,0,0,0,0,0,0,0,0,0,50,50,0,0,0,0,0,0,0,0,0,0,0,0,0,0,0,0,0,0,0,0,0,0,0,0,0,0,0,0,0,0,0,0,0,0,0,0,0,0,0,0,0,0,0,0,0,0,0,0,0,0,0,0,0,0,0,0,0,0,0,0,0,0,0,0,0,0,0,0,0,0,0,0,0,0,0,0,0,0,0,0,0,0,0,0,0,0,0,0,0,0,0,0,0,0,0,0,0,0,0,0,0,0,0,0,0,0,0,0,0,0,0,0,0,0,0,0,0,0,0,0,0,0,0,0,0,0,0,0,0,0,0,0,0,0,0,0,0,0,0,0,0,0,0,0,0,0,0,0,0,0,0,0,0,0,0,0,0,0,0,0,0,0,0,0,0,0,0,0,0,0,0,0,0,0,0,0,0,0,0,0,0,0,0,0,0,0,0,0,0,0,0,0,0,0,0,0,0,0,0,0,0,0,0,0,0,0,0,0,0,0,50
短控制列表2:
45,0,0,0,0,0,0,0,0,0,0,0,0,0,0,0,0,0,0,0,0,0,0,0,0,0,0,0,0,0,0,0,0,0,0,0,0,0,0,0,0,0,0,0,0,0,0,0,0,0,0,0,0,0,0,0,0,0,0,0,0,0,0,0,0,0,0,0,0,0,0,0,0,0,0,0,0,0,0,0,0,0,0,0,0,0,0,0,0,0,0,0,0,0,0,0,0,0,0,0,0,0,0,0,0,0,0,0,0,0,0,0,0,0,0,0,0,0,0,0,0,0,0,0,0,0,0,0,0,0,0,0,0,0,0,0,0,0,0,0,0,0,0,0,0,0,0,0,0,0,0,0,0,0,0,0,0,0,0,0,0,0,0,0,0,0,0,0,0,0,0,0,0,0,0,0,0,0,0,0,0,0,0,0,0,0,0,0,0,0,0,0,0,0,0,0,0,0,0,0,0,0,0,0,0,0,0,0,0,0,0,0,0,0,0,0,0,0,0,0,0,0,0,0,0,0,0,0,0,0,0,45,45,0,0,0,0,0,0,0,0,0,0,0,0,0,0,0,0,0,0,0,0,0,0,0,0,0,0,0,0,0,0,0,0,0,0,0,0,0,0,0,0,0,0,0,0,0,0,0,0,0,0,0,0,0,0,0,0,0,0,0,0,0,0,0,0,0,0,0,0,0,0,0,0,0,0,0,0,0,0,0,0,0,0,0,0,0,0,0,0,0,0,0,0,0,0,0,0,0,0,0,0,0,0,0,0,0,0,0,0,0,0,0,0,0,0,0,0,0,0,0,0,0,0,0,0,0,0,0,0,0,0,0,0,0,0,0,0,0,0,0,0,0,0,0,0,0,0,0,0,0,0,0,0,0,0,0,0,0,0,0,0,0,0,0,0,0,0,0,0,0,0,0,0,0,0,0,0,0,0,0,0,0,0,0,0,0,0,0,0,0,0,0,0,0,0,0,0,0,0,0,0,0,0,0,0,0,0,0,0,0,0,45
短控制列表3:
10,0,0,0,0,0,0,0,0,0,0,0,0,0,0,0,0,0,0,0,0,0,0,0,0,0,0,0,0,0,0,0,0,0,0,0,0,0,0,0,0,0,0,0,0,0,0,0,0,0,0,0,0,0,0,0,0,0,0,0,0,0,0,0,0,0,0,0,0,0,0,0,0,0,0,0,0,0,0,0,0,0,0,0,0,0,0,0,0,0,0,0,0,0,0,0,0,0,0,0,0,0,0,0,0,0,0,0,0,0,0,0,0,0,0,0,0,0,0,0,0,0,0,0,0,0,0,0,0,0,0,0,0,0,0,0,0,0,0,0,0,0,0,0,0,0,0,0,0,0,0,0,0,0,0,0,0,0,0,0,0,0,0,0,0,0,0,0,0,0,0,0,0,0,0,0,0,0,0,0,0,0,0,0,0,0,0,0,0,0,0,0,0,0,0,0,0,0,0,0,0,0,0,0,0,0,0,0,0,0,0,0,0,0,0,0,0,0,0,0,0,0,0,0,0,0,0,0,0,0,0,10,10,0,0,0,0,0,0,0,0,0,0,0,0,0,0,0,0,0,0,0,0,0,0,0,0,0,0,0,0,0,0,0,0,0,0,0,0,0,0,0,0,0,0,0,0,0,0,0,0,0,0,0,0,0,0,0,0,0,0,0,0,0,0,0,0,0,0,0,0,0,0,0,0,0,0,0,0,0,0,0,0,0,0,0,0,0,0,0,0,0,0,0,0,0,0,0,0,0,0,0,0,0,0,0,0,0,0,0,0,0,0,0,0,0,0,0,0,0,0,0,0,0,0,0,0,0,0,0,0,0,0,0,0,0,0,0,0,0,0,0,0,0,0,0,0,0,0,0,0,0,0,0,0,0,0,0,0,0,0,0,0,0,0,0,0,0,0,0,0,0,0,0,0,0,0,0,0,0,0,0,0,0,0,0,0,0,0,0,0,0,0,0,0,0,0,0,0,0,0,0,0,0,0,0,0,0,0,0,0,0,0,10
短控制列表4:
65,0,0,0,0,0,0,0,0,0,0,0,0,0,0,0,0,0,0,0,0,0,0,0,0,0,0,0,0,0,0,0,0,0,0,0,0,0,0,0,0,0,0,0,0,0,0,0,0,0,0,0,0,0,0,0,0,0,0,0,0,0,0,0,0,0,0,0,0,0,0,0,0,0,0,0,0,0,0,0,0,0,0,0,0,0,0,0,0,0,0,0,0,0,0,0,0,0,0,0,0,0,0,0,0,0,0,0,0,0,0,0,0,0,0,0,0,0,0,0,0,0,0,0,0,0,0,0,0,0,0,0,0,0,0,0,0,0,0,0,0,0,0,0,0,0,0,0,0,0,0,0,0,0,0,0,0,0,0,0,0,0,0,0,0,0,0,0,0,0,0,0,0,0,0,0,0,0,0,0,0,0,0,0,0,0,0,0,0,0,0,0,0,0,0,0,0,0,0,0,0,0,0,0,0,0,0,0,0,0,0,0,0,0,0,0,0,0,0,0,0,0,0,0,0,0,0,0,0,0,0,65,65,0,0,0,0,0,0,0,0,0,0,0,0,0,0,0,0,0,0,0,0,0,0,0,0,0,0,0,0,0,0,0,0,0,0,0,0,0,0,0,0,0,0,0,0,0,0,0,0,0,0,0,0,0,0,0,0,0,0,0,0,0,0,0,0,0,0,0,0,0,0,0,0,0,0,0,0,0,0,0,0,0,0,0,0,0,0,0,0,0,0,0,0,0,0,0,0,0,0,0,0,0,0,0,0,0,0,0,0,0,0,0,0,0,0,0,0,0,0,0,0,0,0,0,0,0,0,0,0,0,0,0,0,0,0,0,0,0,0,0,0,0,0,0,0,0,0,0,0,0,0,0,0,0,0,0,0,0,0,0,0,0,0,0,0,0,0,0,0,0,0,0,0,0,0,0,0,0,0,0,0,0,0,0,0,0,0,0,0,0,0,0,0,0,0,0,0,0,0,0,0,0,0,0,0,0,0,0,0,0,0,65
加长控制列表:
0,0,0,0,0,0,0,0,0,0,0,0,0,0,0,0,0,0,0,0,0,0,0,0,0,0,0,0,0,0,0,0,0,0,0,0,0,0,0,0,0,0,0,0,0,0,0,0,0,0,0,0,0,0,0,0,0,0,0,0,0,0,0,0,0,0,0,0,0,0,0,0,0,0,0,0,0,0,0,0,0,0,0,0,0,0,0,0,0,0,0,0,0,0,0,0,0,0,0,0,0,0,0,0,0,0,0,0,0,0,0,0,0,0,0,0,0,0,0,0,0,0,0,0,0,0,0,0,0,0,0,0,0,0,0,0,0,0,0,0,0,0,0,0,0,0,0,0,0,0,0,0,0,0,0,0,0,0,0,0,0,0,0,0,0,0,0,0,0,0,0,0,0,0,0,0,0,0,0,0,0,0,0,0,0,0,0,0,0,0,0,0,0,0,0,0,0,0,0,0,0,0,0,0,0,0,0,0,0,0,0,0,0,0,0,0,0,0,0,0,0,0,0,0,0,0,0,0,0,0,0,0,0,0,0,0,0,0,0,0,0,0,0,0,0,0,0,0,0,0,0,0,0,0,0,0,0,0,0,0,0,0,0,0,0,0,0,0,0,0,0,0,0,0,0,0,0,0,0,0,0,0,0,0,0,0,0,0,0,0,0,0,0,0,0,0,0,0,0,0,0,0,0,0,0,0,0,0,0,0,0,0,0,0,0,0,0,0,0,0,0,0,0,0,0,0,0,0,0,0,0,0,0,0,0,0,0,0,0,0,0,0,0,0,0,0,0,0,0,0,0,0,0,0,0,0,0,0,0,0,0,0,0,0,0,0,0,0,0,0,0,0,0,0,0,0,0,0,0,0,0,0,0,0,0,0,0,0,0,0,0,0,0,0,0,0,0,0,0,0,0,0,0,0,0,0,0,0,0,0,0,0,0,0,0,0,0,0,0,0,0,0,0,0,0,0,0,0,0,0,0,0,0,0,0,0,0,0,0,0,0,0,0,0,65,0,0,0,0,0,0,0,0,0,0,0,0,0,0,0,0,0,0,0,0,0,0,0,0,0,0,0,0,0,0,0,0,0,0,0,0,0,0,0,0,0,0,0,0,0,0,0,0,0,0,0,0,0,0,0,0,0,0,0,0,0,0,0,0,0,0,0,0,0,0,0,0,0,0,0,0,0,0,0,0,0,0,0,0,0,0,0,0,0,0,0,0,0,0,0,0,0,0,0,0,0,0,0,0,0,0,0,0,0,0,0,0,0,0,0,0,0,0,0,0,0,0,0,0,0,0,0,0,0,0,0,0,0,0,0,0,0,0,0,0,0,0,0,0,0,0,0,0,0,0,0,0,0,0,0,0,0,0,0,0,0,0,0,0,0,0,0,0,0,0,0,0,0,0,0,0,0,0,0,0,0,0,0,0,0,0,0,0,0,0,0,0,0,0,0,0,0,0,0,0,0,0,0,0,0,0,0,0,0,0,0,0,0,0,0,0,0,0,0,0,0,0,0,0,0,0,0,0,0,0,65,65,0,0,0,0,0,0,0,0,0,0,0,0,0,0,0,0,0,0,0,0,0,0,0,0,0,0,0,0,0,0,0,0,0,0,0,0,0,0,0,0,0,0,0,0,0,0,0,0,0,0,0,0,0,0,0,0,0,0,0,0,0,0,0,0,0,0,0,0,0,0,0,0,0,0,0,0,0,0,0,0,0,0,0,0,0,0,0,0,0,0,0,0,0,0,0,0,0,0,0,0,0,0,0,0,0,0,0,0,0,0,0,0,0,0,0,0,0,0,0,0,0,0,0,0,0,0,0,0,0,0,0,0,0,0,0,0,0,0,0,0,0,0,0,0,0,0,0,0,0,0,0,0,0,0,0,0,0,0,0,0,0,0,0,0,0,0,0,0,0,0,0,0,0,0,0,0,0,0,0,0,0,0,0,0,0,0,0,0,0,0,0,0,0,0,0,0,0,0,0,0,0,0,0,0,0,0,0,0,0,0,65
