顶点列表:
14958.213,16128.224;14946.800,16138.800;14899.100,16182.801;14851.200,16226.700;14803.200,16270.400;14755.000,16314.000;14706.700,16357.500;14658.300,16400.800;14609.800,16444.000;14561.099,16487.000;14512.300,16529.899;14463.400,16572.600;14414.400,16615.200;14365.200,16657.700;14315.900,16700.000;14266.500,16742.200;14217.000,16784.200;14167.300,16826.100;14117.500,16867.800;14067.600,16909.400;14017.600,16950.800;13967.400,16992.101;13917.100,17033.200;13866.700,17074.201;13816.200,17115.001;13765.600,17155.700;13714.800,17196.200;13663.900,17236.600;13612.900,17276.800;13561.800,17316.899;13510.600,17356.900;13459.200,17396.600;13407.700,17436.300;13356.100,17475.700;13304.400,17515.100;13252.600,17554.200;13200.700,17593.200;13148.600,17632.100;13096.500,17670.800;13044.200,17709.400;12991.800,17747.800;12939.300,17786.000;12886.700,17824.100;12833.900,17862.000;12781.100,17899.800;12728.100,17937.400;12675.100,17974.900;12621.900,18012.200;12568.600,18049.401;12515.200,18086.400;12461.700,18123.201;12408.100,18159.899;12354.300,18196.400;12300.500,18232.700;12246.600,18268.900;12192.500,18305.000;12138.400,18340.900;12084.100,18376.600;12029.800,18412.100;11975.300,18447.500;11920.700,18482.800;11866.000,18517.900;11811.300,18552.800;11756.400,18587.500;11701.400,18622.100;11646.300,18656.500;11591.100,18690.800;11535.800,18724.900;11480.400,18758.800;11424.900,18792.599;11369.400,18826.200;11313.700,18859.700;11257.900,18892.900;11202.000,18926.100;11146.000,18959.000;11089.900,18991.800;11033.800,19024.400;10977.500,19056.900;10864.699,19121.300;10808.101,19153.200;10751.400,19185.000;10694.700,19216.600;10637.901,19248.100;10580.900,19279.400;10523.900,19310.500;10466.800,19341.401;10409.600,19372.200;10352.299,19402.800;10294.899,19433.200;10237.400,19463.500;10179.800,19493.600;10122.200,19523.500;10064.400,19553.300;10006.600,19582.899;9948.700,19612.300;9890.700,19641.500;9832.600,19670.600;9774.400,19699.500;9716.200,19728.200;9657.800,19756.800;9599.400,19785.200;9540.900,19813.400;9482.299,19841.400;9423.600,19869.300;9306.000,19924.500;9247.100,19951.801;9188.100,19979.000;9129.000,20006.000;9069.800,20032.800;9010.600,20059.400;8951.200,20085.901;8891.799,20112.200;8832.400,20138.300;8772.800,20164.300;8713.200,20190.000;8653.500,20215.600;8593.700,20240.999;8533.800,20266.300;8473.900,20291.300;8413.900,20316.200;8353.800,20340.900;8293.601,20365.400;8233.400,20389.800;8173.100,20413.900;8112.800,20437.900;8052.300,20461.700;7991.800,20485.400;7931.200,20508.800;7870.600,20532.100;7809.900,20555.200;7749.100,20578.101;7688.200,20600.900;7627.300,20623.400;7566.300,20645.800;7505.300,20668.000;7444.200,20690.000;7383.000,20711.900;7321.800,20733.500;7260.400,20755.000;7199.100,20776.300;7137.600,20797.400;7076.101,20818.300;7014.600,20839.099;6953.000,20859.600;6891.300,20880.000;6829.600,20900.200;6767.800,20920.200;6705.900,20940.100;6644.000,20959.700;6582.000,20979.200;6520.000,20998.500;6457.900,21017.600;6395.700,21036.500;6333.600,21055.200;6271.300,21073.800;6209.000,21092.200;6146.600,21110.300;6084.200,21128.300;6021.700,21146.200;5959.201,21163.800;5896.600,21181.200;5834.000,21198.500;5771.300,21215.600;5708.600,21232.500;5645.800,21249.200;5583.000,21265.700;5520.100,21282.000;5457.200,21298.200;5394.300,21314.100;5331.200,21329.900;5268.200,21345.500;5205.100,21360.900;5141.900,21376.100;5078.700,21391.099;5015.500,21406.000;4952.200,21420.600;4888.900,21435.100;4825.500,21449.400;4762.100,21463.500;4698.600,21477.400;4635.100,21491.101;4571.600,21504.600;4508.000,21518.000;4444.400,21531.100;4380.800,21544.100;4317.100,21556.900;4253.300,21569.500;4189.600,21581.900;4125.800,21594.100;4061.900,21606.100;3998.100,21617.900;3934.200,21629.600;3870.200,21641.101;3806.200,21652.300;3742.200,21663.400;3678.200,21674.300;3614.099,21685.000;3550.000,21695.500;3485.899,21705.800;3421.700,21715.999;3357.500,21725.900;3293.300,21735.700;3229.100,21745.200;3164.800,21754.600;3100.499,21763.800;3036.100,21772.800;2971.800,21781.600;2907.400,21790.200;2843.000,21798.600;2778.500,21806.899;2714.100,21814.900;2649.600,21822.799;2585.100,21830.400;2520.600,21837.900;2456.001,21845.200;2391.400,21852.300;2326.800,21859.200;2262.200,21865.900;2197.600,21872.400;2133.000,21878.700;2068.300,21884.800;2003.600,21890.801;1938.900,21896.500;1874.199,21902.100;1809.400,21907.500;1744.700,21912.601;1679.900,21917.601;1615.100,21922.400;1550.300,21926.999;1485.500,21931.400;1420.700,21935.700;1355.900,21939.700;1291.000,21943.500;1226.200,21947.200;1161.300,21950.601;1096.400,21953.900;1031.500,21957.001;966.600,21959.800;901.700,21962.500;836.800,21965.000;771.900,21967.300;707.000,21969.400;642.000,21971.300;577.100,21973.100;512.200,21974.600;447.200,21976.000;382.300,21977.100;317.300,21978.100;252.401,21978.800;187.400,21979.400;122.400,21979.800;100.000,21979.868;100.000,24300.000;2670.000,24300.000;2669.999,24859.664;2720.800,24854.200;2789.700,24846.700;2858.500,24838.901;2927.300,24830.999;2996.100,24822.800;3064.900,24814.500;3133.600,24806.000;3202.299,24797.300;3271.000,24788.400;3339.600,24779.300;3408.299,24770.000;3476.900,24760.600;3545.500,24750.900;3614.000,24741.000;3682.500,24731.000;3751.000,24720.800;3819.500,24710.400;3888.000,24699.801;3956.400,24689.000;4024.800,24678.000;4093.101,24666.800;4161.400,24655.400;4229.700,24643.900;4298.000,24632.100;4366.200,24620.199;4434.400,24608.100;4502.501,24595.800;4570.700,24583.300;4638.800,24570.600;4706.800,24557.700;4774.800,24544.700;4842.800,24531.400;4910.701,24518.000;4978.600,24504.300;5046.500,24490.500;5114.300,24476.501;5182.100,24462.300;5249.900,24447.900;5317.600,24433.400;5385.300,24418.600;5452.900,24403.700;5520.500,24388.500;5588.000,24373.200;5655.500,24357.700;5723.000,24342.000;5790.400,24326.100;5857.800,24310.100;5925.100,24293.800;5992.400,24277.400;6059.600,24260.800;6126.800,24243.900;6193.900,24226.900;6261.000,24209.800;6328.100,24192.400;6395.100,24174.800;6462.000,24157.100;6528.900,24139.200;6595.800,24121.100;6662.600,24102.800;6729.300,24084.300;6796.000,24065.600;6862.600,24046.800;6929.200,24027.700;6995.800,24008.500;7062.300,23989.100;7128.699,23969.500;7195.100,23949.800;7261.400,23929.800;7327.700,23909.700;7393.900,23889.300;7460.000,23868.800;7526.100,23848.100;7592.200,23827.300;7658.100,23806.200;7724.100,23785.000;7789.900,23763.600;7855.700,23742.000;7921.500,23720.200;7987.201,23698.200;8052.800,23676.100;8118.300,23653.700;8183.800,23631.200;8249.300,23608.500;8314.600,23585.600;8380.000,23562.600;8445.200,23539.300;8510.400,23515.899;8575.500,23492.300;8640.500,23468.600;8705.500,23444.600;8770.400,23420.500;8835.300,23396.100;8900.100,23371.600;8964.800,23347.000;9029.400,23322.100;9094.000,23297.100;9158.500,23271.900;9223.000,23246.500;9287.300,23220.900;9351.601,23195.100;9415.800,23169.200;9480.001,23143.100;9544.100,23116.800;9608.100,23090.399;9672.000,23063.700;9735.900,23036.900;9799.600,23009.900;9863.400,22982.800;9927.000,22955.400;9990.500,22927.900;10054.000,22900.200;10117.400,22872.300;10180.800,22844.299;10244.000,22816.100;10307.200,22787.700;10370.300,22759.100;10433.300,22730.300;10496.200,22701.399;10559.100,22672.301;10621.801,22643.100;10684.500,22613.600;10747.100,22584.000;10809.600,22554.200;10872.100,22524.201;10934.400,22494.100;10996.700,22463.800;11058.900,22433.300;11121.000,22402.700;11183.000,22371.800;11245.000,22340.800;11306.800,22309.700;11368.599,22278.300;11430.300,22246.800;11491.900,22215.100;11553.400,22183.300;11614.800,22151.300;11676.100,22119.100;11737.300,22086.700;11798.500,22054.200;11859.500,22021.500;11920.500,21988.600;11981.300,21955.600;12042.100,21922.300;12102.800,21889.000;12163.399,21855.400;12223.900,21821.700;12284.300,21787.800;12344.600,21753.800;12404.800,21719.600;12464.999,21685.200;12525.000,21650.700;12644.800,21581.100;12704.500,21546.000;12764.100,21510.801;12823.701,21475.400;12883.100,21439.900;12942.500,21404.200;13001.700,21368.300;13060.900,21332.300;13119.900,21296.100;13178.900,21259.700;13237.700,21223.200;13296.500,21186.500;13355.100,21149.700;13413.700,21112.700;13472.101,21075.500;13530.400,21038.200;13588.700,21000.700;13646.800,20963.000;13704.800,20925.200;13762.700,20887.200;13820.501,20849.100;13878.200,20810.800;13935.800,20772.300;13993.300,20733.700;14050.700,20694.901;14108.000,20656.000;14165.200,20616.900;14222.200,20577.600;14279.200,20538.200;14336.000,20498.700;14392.800,20458.900;14449.400,20419.100;14505.900,20379.001;14562.300,20338.800;14618.601,20298.500;14674.800,20258.000;14730.800,20217.300;14786.800,20176.500;14842.600,20135.500;14898.400,20094.401;14954.000,20053.100;15009.500,20011.700;15064.800,19970.101;15120.101,19928.300;15122.181,19926.720;14771.712,19576.251;16588.976,17758.987
短控制列表:
50,0,50,0,0,0,0,0,0,0,0,0,0,0,0,0,0,0,0,0,0,0,0,0,0,0,0,0,0,0,0,0,0,0,0,0,0,0,0,0,0,0,0,0,0,0,0,0,0,0,0,0,0,0,0,0,0,0,0,0,0,0,0,0,0,0,0,0,0,0,0,0,0,0,0,0,0,0,0,0,0,0,0,0,0,0,0,0,0,0,0,0,0,0,0,0,0,0,0,0,0,0,0,0,0,0,0,0,0,0,0,0,0,0,0,0,0,0,0,0,0,0,0,0,0,0,0,0,0,0,0,0,0,0,0,0,0,0,0,0,0,0,0,0,0,0,0,0,0,0,0,0,0,0,0,0,0,0,0,0,0,0,0,0,0,0,0,0,0,0,0,0,0,0,0,0,0,0,0,0,0,0,0,0,0,0,0,0,0,0,0,0,0,0,0,0,0,0,50,0,50,50,0,0,0,0,0,0,0,0,0,0,0,0,0,0,0,0,0,0,0,0,0,0,0,0,0,0,0,0,0,0,0,0,0,0,0,0,0,0,0,0,0,0,0,0,0,0,0,0,0,0,0,0,0,0,0,0,0,0,0,0,0,0,0,0,0,0,0,0,0,0,0,0,0,0,0,0,0,0,0,0,0,0,0,0,0,0,0,0,0,0,0,0,0,0,0,0,0,0,0,0,0,0,0,0,0,0,0,0,0,0,0,0,0,0,0,0,0,0,0,0,0,0,0,0,0,0,0,0,0,0,0,0,0,0,0,0,0,0,0,0,0,0,0,0,0,0,0,0,0,0,0,0,0,0,0,0,0,0,0,0,0,0,0,0,0,0,0,0,0,0,0,0,0,0,0,0,0,0,0,0,0,0,0,0,0,0,0,0,0,0,0,0,0,0,0,0,0,0,0,0,0,0,0,0,0,0,0,0,0,0,0,0,0,0,0,0,0,0,0,0,0,0,0,0,0,0,0,0,0,0,0,0,0,0,0,0,0,0,0,0,0,0,0,0,0,0,0,0,0,0,50
短控制列表2:
45,0,45,0,0,0,0,0,0,0,0,0,0,0,0,0,0,0,0,0,0,0,0,0,0,0,0,0,0,0,0,0,0,0,0,0,0,0,0,0,0,0,0,0,0,0,0,0,0,0,0,0,0,0,0,0,0,0,0,0,0,0,0,0,0,0,0,0,0,0,0,0,0,0,0,0,0,0,0,0,0,0,0,0,0,0,0,0,0,0,0,0,0,0,0,0,0,0,0,0,0,0,0,0,0,0,0,0,0,0,0,0,0,0,0,0,0,0,0,0,0,0,0,0,0,0,0,0,0,0,0,0,0,0,0,0,0,0,0,0,0,0,0,0,0,0,0,0,0,0,0,0,0,0,0,0,0,0,0,0,0,0,0,0,0,0,0,0,0,0,0,0,0,0,0,0,0,0,0,0,0,0,0,0,0,0,0,0,0,0,0,0,0,0,0,0,0,0,45,0,45,45,0,0,0,0,0,0,0,0,0,0,0,0,0,0,0,0,0,0,0,0,0,0,0,0,0,0,0,0,0,0,0,0,0,0,0,0,0,0,0,0,0,0,0,0,0,0,0,0,0,0,0,0,0,0,0,0,0,0,0,0,0,0,0,0,0,0,0,0,0,0,0,0,0,0,0,0,0,0,0,0,0,0,0,0,0,0,0,0,0,0,0,0,0,0,0,0,0,0,0,0,0,0,0,0,0,0,0,0,0,0,0,0,0,0,0,0,0,0,0,0,0,0,0,0,0,0,0,0,0,0,0,0,0,0,0,0,0,0,0,0,0,0,0,0,0,0,0,0,0,0,0,0,0,0,0,0,0,0,0,0,0,0,0,0,0,0,0,0,0,0,0,0,0,0,0,0,0,0,0,0,0,0,0,0,0,0,0,0,0,0,0,0,0,0,0,0,0,0,0,0,0,0,0,0,0,0,0,0,0,0,0,0,0,0,0,0,0,0,0,0,0,0,0,0,0,0,0,0,0,0,0,0,0,0,0,0,0,0,0,0,0,0,0,0,0,0,0,0,0,0,45
短控制列表3:
10,0,10,0,0,0,0,0,0,0,0,0,0,0,0,0,0,0,0,0,0,0,0,0,0,0,0,0,0,0,0,0,0,0,0,0,0,0,0,0,0,0,0,0,0,0,0,0,0,0,0,0,0,0,0,0,0,0,0,0,0,0,0,0,0,0,0,0,0,0,0,0,0,0,0,0,0,0,0,0,0,0,0,0,0,0,0,0,0,0,0,0,0,0,0,0,0,0,0,0,0,0,0,0,0,0,0,0,0,0,0,0,0,0,0,0,0,0,0,0,0,0,0,0,0,0,0,0,0,0,0,0,0,0,0,0,0,0,0,0,0,0,0,0,0,0,0,0,0,0,0,0,0,0,0,0,0,0,0,0,0,0,0,0,0,0,0,0,0,0,0,0,0,0,0,0,0,0,0,0,0,0,0,0,0,0,0,0,0,0,0,0,0,0,0,0,0,0,10,0,10,10,0,0,0,0,0,0,0,0,0,0,0,0,0,0,0,0,0,0,0,0,0,0,0,0,0,0,0,0,0,0,0,0,0,0,0,0,0,0,0,0,0,0,0,0,0,0,0,0,0,0,0,0,0,0,0,0,0,0,0,0,0,0,0,0,0,0,0,0,0,0,0,0,0,0,0,0,0,0,0,0,0,0,0,0,0,0,0,0,0,0,0,0,0,0,0,0,0,0,0,0,0,0,0,0,0,0,0,0,0,0,0,0,0,0,0,0,0,0,0,0,0,0,0,0,0,0,0,0,0,0,0,0,0,0,0,0,0,0,0,0,0,0,0,0,0,0,0,0,0,0,0,0,0,0,0,0,0,0,0,0,0,0,0,0,0,0,0,0,0,0,0,0,0,0,0,0,0,0,0,0,0,0,0,0,0,0,0,0,0,0,0,0,0,0,0,0,0,0,0,0,0,0,0,0,0,0,0,0,0,0,0,0,0,0,0,0,0,0,0,0,0,0,0,0,0,0,0,0,0,0,0,0,0,0,0,0,0,0,0,0,0,0,0,0,0,0,0,0,0,0,10
短控制列表4:
65,0,65,0,0,0,0,0,0,0,0,0,0,0,0,0,0,0,0,0,0,0,0,0,0,0,0,0,0,0,0,0,0,0,0,0,0,0,0,0,0,0,0,0,0,0,0,0,0,0,0,0,0,0,0,0,0,0,0,0,0,0,0,0,0,0,0,0,0,0,0,0,0,0,0,0,0,0,0,0,0,0,0,0,0,0,0,0,0,0,0,0,0,0,0,0,0,0,0,0,0,0,0,0,0,0,0,0,0,0,0,0,0,0,0,0,0,0,0,0,0,0,0,0,0,0,0,0,0,0,0,0,0,0,0,0,0,0,0,0,0,0,0,0,0,0,0,0,0,0,0,0,0,0,0,0,0,0,0,0,0,0,0,0,0,0,0,0,0,0,0,0,0,0,0,0,0,0,0,0,0,0,0,0,0,0,0,0,0,0,0,0,0,0,0,0,0,0,65,0,65,65,0,0,0,0,0,0,0,0,0,0,0,0,0,0,0,0,0,0,0,0,0,0,0,0,0,0,0,0,0,0,0,0,0,0,0,0,0,0,0,0,0,0,0,0,0,0,0,0,0,0,0,0,0,0,0,0,0,0,0,0,0,0,0,0,0,0,0,0,0,0,0,0,0,0,0,0,0,0,0,0,0,0,0,0,0,0,0,0,0,0,0,0,0,0,0,0,0,0,0,0,0,0,0,0,0,0,0,0,0,0,0,0,0,0,0,0,0,0,0,0,0,0,0,0,0,0,0,0,0,0,0,0,0,0,0,0,0,0,0,0,0,0,0,0,0,0,0,0,0,0,0,0,0,0,0,0,0,0,0,0,0,0,0,0,0,0,0,0,0,0,0,0,0,0,0,0,0,0,0,0,0,0,0,0,0,0,0,0,0,0,0,0,0,0,0,0,0,0,0,0,0,0,0,0,0,0,0,0,0,0,0,0,0,0,0,0,0,0,0,0,0,0,0,0,0,0,0,0,0,0,0,0,0,0,0,0,0,0,0,0,0,0,0,0,0,0,0,0,0,0,65
加长控制列表:
0,0,0,0,0,0,0,0,0,0,0,0,0,0,0,0,0,0,0,0,0,0,0,0,0,0,0,0,0,0,0,0,0,0,0,0,0,0,0,0,0,0,0,0,0,0,0,0,0,0,0,0,0,0,0,0,0,0,0,0,0,0,0,0,0,0,0,0,0,0,0,0,0,0,0,0,0,0,0,0,0,0,0,0,0,0,0,0,0,0,0,0,0,0,0,0,0,0,0,0,0,0,0,0,0,0,0,0,0,0,0,0,0,0,0,0,0,0,0,0,0,0,0,0,0,0,0,0,0,0,0,0,0,0,0,0,0,0,0,0,0,0,0,0,0,0,0,0,0,0,0,0,0,0,0,0,0,0,0,0,0,0,0,0,0,0,0,0,0,0,0,0,0,0,0,0,0,0,0,0,0,0,0,0,0,0,0,0,0,0,0,0,0,0,0,0,0,0,0,0,0,0,0,0,0,0,0,0,0,0,0,0,0,0,0,0,0,0,0,0,0,0,0,0,0,0,0,0,0,0,0,0,0,0,0,0,0,0,0,0,0,0,0,0,0,0,0,0,0,0,0,0,0,0,0,0,0,0,0,0,0,0,0,0,0,0,0,0,0,0,0,0,0,0,0,0,0,0,0,0,0,0,0,0,0,0,0,0,0,0,0,0,0,0,0,0,0,0,0,0,0,0,0,0,0,0,0,0,0,0,0,0,0,0,0,0,0,0,0,0,0,0,0,0,0,0,0,0,0,0,0,0,0,0,0,0,0,0,0,0,0,0,0,0,0,0,0,0,0,0,0,0,0,0,0,0,0,0,0,0,0,0,0,0,0,0,0,0,0,0,0,0,0,0,0,0,0,0,0,0,0,0,0,0,0,0,0,0,0,0,0,0,0,0,0,0,0,0,0,0,0,0,0,0,0,0,0,0,0,0,0,0,0,0,0,0,0,0,0,0,0,0,0,0,0,0,0,0,0,0,0,0,0,0,0,0,0,0,0,0,0,0,0,0,0,0,0,0,0,0,0,0,0,65,0,65,0,0,0,0,0,0,0,0,0,0,0,0,0,0,0,0,0,0,0,0,0,0,0,0,0,0,0,0,0,0,0,0,0,0,0,0,0,0,0,0,0,0,0,0,0,0,0,0,0,0,0,0,0,0,0,0,0,0,0,0,0,0,0,0,0,0,0,0,0,0,0,0,0,0,0,0,0,0,0,0,0,0,0,0,0,0,0,0,0,0,0,0,0,0,0,0,0,0,0,0,0,0,0,0,0,0,0,0,0,0,0,0,0,0,0,0,0,0,0,0,0,0,0,0,0,0,0,0,0,0,0,0,0,0,0,0,0,0,0,0,0,0,0,0,0,0,0,0,0,0,0,0,0,0,0,0,0,0,0,0,0,0,0,0,0,0,0,0,0,0,0,0,0,0,0,0,0,0,0,0,0,0,0,0,0,0,0,0,0,0,0,0,0,0,0,65,0,65,65,0,0,0,0,0,0,0,0,0,0,0,0,0,0,0,0,0,0,0,0,0,0,0,0,0,0,0,0,0,0,0,0,0,0,0,0,0,0,0,0,0,0,0,0,0,0,0,0,0,0,0,0,0,0,0,0,0,0,0,0,0,0,0,0,0,0,0,0,0,0,0,0,0,0,0,0,0,0,0,0,0,0,0,0,0,0,0,0,0,0,0,0,0,0,0,0,0,0,0,0,0,0,0,0,0,0,0,0,0,0,0,0,0,0,0,0,0,0,0,0,0,0,0,0,0,0,0,0,0,0,0,0,0,0,0,0,0,0,0,0,0,0,0,0,0,0,0,0,0,0,0,0,0,0,0,0,0,0,0,0,0,0,0,0,0,0,0,0,0,0,0,0,0,0,0,0,0,0,0,0,0,0,0,0,0,0,0,0,0,0,0,0,0,0,0,0,0,0,0,0,0,0,0,0,0,0,0,0,0,0,0,0,0,0,0,0,0,0,0,0,0,0,0,0,0,0,0,0,0,0,0,0,0,0,0,0,0,0,0,0,0,0,0,0,0,0,0,0,0,0,65
