顶点列表:
-140.000,348.345;-2003.939,2212.285;-1999.163,2216.647;-1986.268,2228.154;-1973.397,2239.540;-1960.527,2250.826;-1947.425,2262.240;-1934.607,2273.197;-1921.535,2284.204;-1908.356,2295.286;-1895.307,2306.076;-1881.908,2317.011;-1868.572,2327.778;-1855.341,2338.343;-1841.837,2348.987;-1828.279,2359.576;-1814.868,2369.852;-1801.179,2380.267;-1787.390,2390.683;-1773.785,2400.762;-1759.896,2410.980;-1746.187,2420.940;-1732.164,2431.013;-1718.269,2440.796;-1704.215,2450.663;-1690.132,2460.412;-1675.995,2470.031;-1661.897,2479.562;-1647.565,2489.083;-1633.273,2498.511;-1618.884,2507.873;-1604.605,2517.030;-1590.114,2526.197;-1575.579,2535.293;-1561.049,2544.226;-1546.414,2553.186;-1531.720,2562.000;-1517.057,2570.719;-1502.259,2579.399;-1487.431,2587.999;-1472.604,2596.442;-1457.679,2604.843;-1442.755,2613.145;-1427.650,2621.437;-1412.708,2629.496;-1397.505,2637.644;-1382.380,2645.598;-1367.160,2653.504;-1352.133,2661.164;-1336.629,2669.015;-1321.404,2676.577;-1306.090,2684.085;-1290.768,2691.450;-1275.158,2698.907;-1259.634,2706.176;-1244.238,2713.282;-1228.613,2720.401;-1213.005,2727.415;-1197.383,2734.291;-1181.676,2741.106;-1165.971,2747.822;-1150.037,2754.552;-1134.365,2761.056;-1118.408,2767.556;-1102.644,2773.861;-1086.603,2780.198;-1070.825,2786.272;-1054.703,2792.442;-1038.680,2798.437;-1022.582,2804.362;-1006.486,2810.188;-990.363,2815.889;-974.196,2821.542;-958.074,2827.046;-941.882,2832.476;-925.658,2837.784;-909.126,2843.162;-893.010,2848.271;-876.508,2853.409;-860.300,2858.319;-827.376,2868.036;-810.911,2872.739;-794.618,2877.253;-777.936,2881.820;-761.351,2886.262;-745.026,2890.463;-728.282,2894.749;-711.699,2898.894;-695.069,2902.928;-678.387,2906.875;-661.706,2910.724;-645.025,2914.474;-628.293,2918.115;-611.566,2921.678;-594.834,2925.122;-578.055,2928.477;-561.278,2931.733;-544.501,2934.890;-527.665,2937.942;-510.788,2940.902;-493.627,2943.895;-476.999,2946.632;-460.161,2949.289;-443.287,2951.854;-409.366,2956.784;-392.468,2959.057;-375.525,2961.223;-358.480,2963.391;-341.480,2965.368;-324.508,2967.242;-307.434,2969.117;-290.466,2970.794;-256.477,2973.946;-239.373,2975.330;-222.218,2976.711;-205.216,2977.897;-171.128,2980.064;-154.022,2980.954;-140.000,2981.679
短控制列表:
10,0,0,0,0,0,0,0,0,0,0,0,0,0,0,0,0,0,0,0,0,0,0,0,0,0,0,0,0,0,0,0,0,0,0,0,0,0,0,0,0,0,0,0,0,0,0,0,0,0,0,0,0,0,0,0,0,0,0,0,0,0,0,0,0,0,0,0,0,0,0,0,0,0,0,0,0,0,0,0,0,0,0,0,0,0,0,0,0,0,0,0,0,0,0,0,0,0,0,0,0,0,0,0,0,0,0,0,0,0,0,0,0,0,0,0,0,10,10
短控制列表2:
45,0,0,0,0,0,0,0,0,0,0,0,0,0,0,0,0,0,0,0,0,0,0,0,0,0,0,0,0,0,0,0,0,0,0,0,0,0,0,0,0,0,0,0,0,0,0,0,0,0,0,0,0,0,0,0,0,0,0,0,0,0,0,0,0,0,0,0,0,0,0,0,0,0,0,0,0,0,0,0,0,0,0,0,0,0,0,0,0,0,0,0,0,0,0,0,0,0,0,0,0,0,0,0,0,0,0,0,0,0,0,0,0,0,0,0,0,45,45
短控制列表3:
10,0,0,0,0,0,0,0,0,0,0,0,0,0,0,0,0,0,0,0,0,0,0,0,0,0,0,0,0,0,0,0,0,0,0,0,0,0,0,0,0,0,0,0,0,0,0,0,0,0,0,0,0,0,0,0,0,0,0,0,0,0,0,0,0,0,0,0,0,0,0,0,0,0,0,0,0,0,0,0,0,0,0,0,0,0,0,0,0,0,0,0,0,0,0,0,0,0,0,0,0,0,0,0,0,0,0,0,0,0,0,0,0,0,0,0,0,10,10
短控制列表4:
65,0,0,0,0,0,0,0,0,0,0,0,0,0,0,0,0,0,0,0,0,0,0,0,0,0,0,0,0,0,0,0,0,0,0,0,0,0,0,0,0,0,0,0,0,0,0,0,0,0,0,0,0,0,0,0,0,0,0,0,0,0,0,0,0,0,0,0,0,0,0,0,0,0,0,0,0,0,0,0,0,0,0,0,0,0,0,0,0,0,0,0,0,0,0,0,0,0,0,0,0,0,0,0,0,0,0,0,0,0,0,0,0,0,0,0,0,65,65
加长控制列表:
0,0,0,0,0,0,0,0,0,0,0,0,0,0,0,0,0,0,0,0,0,0,0,0,0,0,0,0,0,0,0,0,0,0,0,0,0,0,0,0,0,0,0,0,0,0,0,0,0,0,0,0,0,0,0,0,0,0,0,0,0,0,0,0,0,0,0,0,0,0,0,0,0,0,0,0,0,0,0,0,0,0,0,0,0,0,0,0,0,0,0,0,0,0,0,0,0,0,0,0,0,0,0,0,0,0,0,0,0,0,0,0,0,0,0,0,0,0,0,65,0,0,0,0,0,0,0,0,0,0,0,0,0,0,0,0,0,0,0,0,0,0,0,0,0,0,0,0,0,0,0,0,0,0,0,0,0,0,0,0,0,0,0,0,0,0,0,0,0,0,0,0,0,0,0,0,0,0,0,0,0,0,0,0,0,0,0,0,0,0,0,0,0,0,0,0,0,0,0,0,0,0,0,0,0,0,0,0,0,0,0,0,0,0,0,0,0,0,0,0,0,0,0,0,0,0,0,0,0,0,0,0,0,0,0,0,65,65
