顶点列表:
-2200.987,2388.621;-4213.316,4400.950;-4210.149,4404.008;-4185.485,4427.684;-4160.777,4450.991;-4135.830,4474.386;-4110.842,4497.413;-4085.614,4520.527;-4060.329,4543.422;-4034.981,4566.101;-4009.411,4588.720;-3983.782,4611.119;-3958.007,4633.381;-3932.013,4655.581;-3905.964,4677.556;-3879.827,4699.466;-3853.570,4721.100;-3827.152,4742.727;-3800.613,4764.082;-3773.914,4785.427;-3747.155,4806.567;-3720.336,4827.488;-3693.367,4848.275;-3666.173,4869.005;-3638.996,4889.562;-3611.682,4909.870;-3584.234,4930.018;-3556.608,4950.173;-3528.935,4970.119;-3501.206,4989.844;-3473.322,5009.439;-3445.296,5028.895;-3417.218,5048.128;-3388.893,5067.315;-3360.623,5086.183;-3332.151,5105.072;-3303.634,5123.755;-3275.000,5142.165;-3246.196,5160.545;-3217.325,5178.738;-3188.408,5196.706;-3159.301,5214.677;-3130.269,5232.235;-3100.951,5249.852;-3071.682,5267.189;-3042.277,5284.270;-3012.604,5301.397;-2982.959,5318.366;-2953.369,5334.944;-2923.513,5351.452;-2893.588,5367.857;-2863.591,5384.084;-2833.553,5400.085;-2803.343,5415.962;-2773.095,5431.612;-2742.648,5447.257;-2712.259,5462.627;-2681.829,5477.665;-2651.099,5492.748;-2620.402,5507.673;-2589.763,5522.221;-2558.820,5536.811;-2527.942,5551.127;-2496.886,5565.319;-2465.798,5579.283;-2434.639,5593.038;-2403.382,5606.695;-2372.044,5620.185;-2340.676,5633.447;-2309.125,5646.587;-2277.628,5659.522;-2246.008,5672.310;-2214.359,5684.870;-2182.639,5697.221;-2150.708,5709.556;-2118.877,5721.517;-2086.846,5733.414;-2054.820,5745.168;-2022.849,5756.570;-1990.563,5767.989;-1958.352,5779.147;-1926.163,5790.110;-1893.742,5800.917;-1861.343,5811.528;-1828.894,5822.016;-1796.503,5832.158;-1763.791,5842.309;-1731.160,5852.203;-1698.554,5861.900;-1665.827,5871.359;-1632.929,5880.820;-1600.186,5889.913;-1567.246,5898.922;-1534.334,5907.693;-1501.353,5916.253;-1468.272,5924.699;-1435.220,5932.909;-1402.070,5941.003;-1368.948,5948.861;-1335.624,5956.593;-1302.394,5964.110;-1269.130,5971.407;-1235.796,5978.495;-1202.367,5985.461;-1168.960,5992.199;-1135.461,5998.814;-1102.123,6005.115;-1068.486,6011.392;-1034.940,6017.426;-1001.461,6023.168;-967.684,6028.880;-934.136,6034.271;-900.425,6039.550;-866.739,6044.602;-832.980,6049.443;-799.129,6054.159;-765.280,6058.732;-731.593,6063.003;-697.764,6067.072;-663.843,6071.013;-629.924,6074.813;-596.023,6078.392;-562.197,6081.682;-528.062,6084.926;-494.147,6087.945;-460.320,6090.675;-426.185,6093.355;-392.289,6095.734;-358.229,6097.986;-324.185,6100.021;-290.056,6101.921;-256.089,6103.530;-221.959,6105.007;-187.978,6106.271;-153.784,6107.396;-140.000,6107.765;-140.000,3260.795;-154.222,3260.106;-179.268,3258.608;-204.313,3256.967;-229.409,3255.105;-254.561,3253.028;-279.657,3250.735;-304.631,3248.310;-329.830,3245.718;-354.803,3242.864;-379.662,3239.865;-404.662,3236.643;-429.619,3233.202;-454.673,3229.603;-479.504,3225.750;-504.389,3221.806;-529.147,3217.596;-553.963,3213.293;-578.649,3208.727;-603.395,3203.922;-628.009,3199.000;-652.862,3193.886;-677.357,3188.531;-701.829,3183.038;-726.298,3177.403;-750.831,3171.521;-775.290,3165.427;-799.680,3159.116;-823.935,3152.696;-848.254,3146.025;-872.434,3139.250;-896.680,3132.222;-920.919,3125.009;-944.886,3117.590;-968.917,3110.059;-992.812,3102.284;-1016.804,3094.383;-1040.518,3086.240;-1064.197,3077.968;-1087.943,3069.432;-1111.549,3060.803;-1135.086,3052.005;-1158.617,3042.967;-1182.074,3033.715;-1205.457,3024.250;-1228.706,3014.693;-1251.889,3004.964;-1275.059,2994.994;-1298.031,2984.905;-1321.044,2974.614;-1343.944,2964.168;-1366.893,2953.488;-1389.564,2942.651;-1412.063,2931.725;-1434.639,2920.580;-1457.114,2909.273;-1479.565,2897.726;-1501.828,2886.059;-1524.062,2874.154;-1546.222,2862.036;-1568.137,2849.941;-1590.045,2837.628;-1611.918,2825.080;-1633.720,2812.316;-1655.342,2799.429;-1676.822,2786.400;-1698.403,2773.164;-1719.603,2759.816;-1740.766,2746.350;-1761.891,2732.674;-1782.971,2718.765;-1803.880,2704.732;-1824.648,2690.553;-1845.367,2676.146;-1866.057,2661.634;-1886.403,2646.999;-1906.705,2632.254;-1926.882,2617.373;-1947.115,2602.165;-1967.080,2586.923;-1987.006,2571.444;-2006.774,2555.831;-2026.399,2540.077;-2045.882,2524.176;-2065.431,2508.078;-2084.560,2491.946;-2103.642,2475.712;-2122.694,2459.241;-2141.785,2442.466;-2160.420,2425.687;-2179.002,2408.814;-2197.608,2391.789
短控制列表:
0,0,0,0,0,0,0,0,0,0,0,0,0,0,0,0,0,0,0,0,0,0,0,0,0,0,0,0,0,0,0,0,0,0,0,0,0,0,0,0,0,0,0,0,0,0,0,0,0,0,0,0,0,0,0,0,0,0,0,0,0,0,0,0,0,0,0,0,0,0,0,0,0,0,0,0,0,0,0,0,0,0,0,0,0,0,0,0,0,0,0,10,10,0,0,0,0,0,0,0,0,0,0,0,0,0,0,0,0,0,0,0,0,0,0,0,0,0,0,0,0,0,0,0,0,0,0,0,0,0,0,0,0,0,0,0,0,0,0,0,0,0,0,0,0,0,0,0,0,0,0,0,0,0,0,0,0,0,0,0,0,0,0,0,0,0,0,0,0,0,0,0,0,0,0,0,0,0,0,0,0,0,0,0,0,0,0,0,0,0,0,0,0,0,0,0,0,0,0,0,0,0,0,0,0,0,0,0,0,0,0,0,0,0,0,0,0,0,0,0,0,0,0,0,0,0,10,10
短控制列表2:
0,0,0,0,0,0,0,0,0,0,0,0,0,0,0,0,0,0,0,0,0,0,0,0,0,0,0,0,0,0,0,0,0,0,0,0,0,0,0,0,0,0,0,0,0,0,0,0,0,0,0,0,0,0,0,0,0,0,0,0,0,0,0,0,0,0,0,0,0,0,0,0,0,0,0,0,0,0,0,0,0,0,0,0,0,0,0,0,0,0,0,45,45,0,0,0,0,0,0,0,0,0,0,0,0,0,0,0,0,0,0,0,0,0,0,0,0,0,0,0,0,0,0,0,0,0,0,0,0,0,0,0,0,0,0,0,0,0,0,0,0,0,0,0,0,0,0,0,0,0,0,0,0,0,0,0,0,0,0,0,0,0,0,0,0,0,0,0,0,0,0,0,0,0,0,0,0,0,0,0,0,0,0,0,0,0,0,0,0,0,0,0,0,0,0,0,0,0,0,0,0,0,0,0,0,0,0,0,0,0,0,0,0,0,0,0,0,0,0,0,0,0,0,0,0,0,45,45
短控制列表3:
0,0,0,0,0,0,0,0,0,0,0,0,0,0,0,0,0,0,0,0,0,0,0,0,0,0,0,0,0,0,0,0,0,0,0,0,0,0,0,0,0,0,0,0,0,0,0,0,0,0,0,0,0,0,0,0,0,0,0,0,0,0,0,0,0,0,0,0,0,0,0,0,0,0,0,0,0,0,0,0,0,0,0,0,0,0,0,0,0,0,0,10,10,0,0,0,0,0,0,0,0,0,0,0,0,0,0,0,0,0,0,0,0,0,0,0,0,0,0,0,0,0,0,0,0,0,0,0,0,0,0,0,0,0,0,0,0,0,0,0,0,0,0,0,0,0,0,0,0,0,0,0,0,0,0,0,0,0,0,0,0,0,0,0,0,0,0,0,0,0,0,0,0,0,0,0,0,0,0,0,0,0,0,0,0,0,0,0,0,0,0,0,0,0,0,0,0,0,0,0,0,0,0,0,0,0,0,0,0,0,0,0,0,0,0,0,0,0,0,0,0,0,0,0,0,0,10,10
短控制列表4:
0,0,0,0,0,0,0,0,0,0,0,0,0,0,0,0,0,0,0,0,0,0,0,0,0,0,0,0,0,0,0,0,0,0,0,0,0,0,0,0,0,0,0,0,0,0,0,0,0,0,0,0,0,0,0,0,0,0,0,0,0,0,0,0,0,0,0,0,0,0,0,0,0,0,0,0,0,0,0,0,0,0,0,0,0,0,0,0,0,0,0,65,65,0,0,0,0,0,0,0,0,0,0,0,0,0,0,0,0,0,0,0,0,0,0,0,0,0,0,0,0,0,0,0,0,0,0,0,0,0,0,0,0,0,0,0,0,0,0,0,0,0,0,0,0,0,0,0,0,0,0,0,0,0,0,0,0,0,0,0,0,0,0,0,0,0,0,0,0,0,0,0,0,0,0,0,0,0,0,0,0,0,0,0,0,0,0,0,0,0,0,0,0,0,0,0,0,0,0,0,0,0,0,0,0,0,0,0,0,0,0,0,0,0,0,0,0,0,0,0,0,0,0,0,0,0,65,65
加长控制列表:
0,0,0,0,0,0,0,0,0,0,0,0,0,0,0,0,0,0,0,0,0,0,0,0,0,0,0,0,0,0,0,0,0,0,0,0,0,0,0,0,0,0,0,0,0,0,0,0,0,0,0,0,0,0,0,0,0,0,0,0,0,0,0,0,0,0,0,0,0,0,0,0,0,0,0,0,0,0,0,0,0,0,0,0,0,0,0,0,0,0,0,0,0,0,0,0,0,0,0,0,0,0,0,0,0,0,0,0,0,0,0,0,0,0,0,0,0,0,0,0,0,0,0,0,0,0,0,0,0,0,0,0,0,0,0,0,0,0,0,0,0,0,0,0,0,0,0,0,0,0,0,0,0,0,0,0,0,0,0,0,0,0,0,0,0,0,0,0,0,0,0,0,0,0,0,0,0,0,0,0,0,0,0,0,0,0,0,0,0,0,0,0,0,0,0,0,0,0,0,0,0,0,0,0,0,0,0,0,0,0,0,0,0,0,0,0,0,0,0,0,0,0,0,0,0,0,0,0,0,0,0,0,0,0,0,0,0,0,0,0,0,0,0,0,0,0,0,0,0,0,0,0,0,0,0,0,0,0,0,0,0,0,0,0,0,0,0,0,0,0,0,0,0,0,0,0,0,0,0,0,0,0,0,0,0,0,0,0,0,0,0,0,0,0,0,0,0,0,0,0,0,0,0,0,0,0,0,0,0,0,0,0,0,0,0,0,0,0,0,65,65,0,0,0,0,0,0,0,0,0,0,0,0,0,0,0,0,0,0,0,0,0,0,0,0,0,0,0,0,0,0,0,0,0,0,0,0,0,0,0,0,0,0,0,0,0,0,0,0,0,0,0,0,0,0,0,0,0,0,0,0,0,0,0,0,0,0,0,0,0,0,0,0,0,0,0,0,0,0,0,0,0,0,0,0,0,0,0,0,0,0,0,0,0,0,0,0,0,0,0,0,0,0,0,0,0,0,0,0,0,0,0,0,0,0,0,0,0,0,0,0,0,0,0,0,0,0,0,0,0,0,0,0,0,65,65
