-6624.82900	6812.46300
-8633.13800	8820.77200
-8628.45200	8825.38200
-8593.71000	8859.27700
-8558.76500	8893.23300
-8523.80000	8926.79000
-8488.57400	8960.46400
-8453.32800	8993.73800
-8417.89100	9027.05700
-8382.30000	9060.25200
-8346.63200	9093.10500
-8310.77000	9126.00000
-8274.82900	9158.70100
-8238.74700	9191.25800
-8202.53300	9223.80100
-8166.30400	9255.94900
-8129.79500	9288.08800
-8093.15800	9320.20700
-8056.50700	9351.93300
-8019.65800	9383.69800
-7982.72900	9415.27100
-7945.65200	9446.57800
-7908.37900	9477.92200
-7871.10400	9508.99500
-7833.60600	9540.00900
-7796.04900	9570.79900
-7758.35300	9601.57800
-7720.57100	9632.04200
-7682.66400	9662.33900
-7644.53600	9692.70000
-7606.41700	9722.78600
-7568.14200	9752.61700
-7529.67000	9782.47700
-7491.19800	9812.07000
-7452.57800	9841.52800
-7413.81600	9870.84600
-7374.91400	9900.02200
-7335.95600	9929.10000
-7296.90800	9957.87400
-7257.65700	9986.67600
-7218.32700	10015.17100
-7178.87600	10043.61200
-7139.33900	10071.87200
-7099.74200	10099.91400
-7059.91100	10127.90000
-7020.03300	10155.66000
-6980.08500	10183.20800
-6939.90500	10210.81800
-6899.82400	10237.96000
-6859.43200	10265.21700
-6819.06200	10292.20100
-6778.53700	10319.05300
-6737.95600	10345.68300
-6697.21900	10372.18300
-6656.34200	10398.54100
-6615.40800	10424.67900
-6574.32200	10450.79900
-6533.24800	10476.65500
-6492.01500	10502.26700
-6450.57600	10527.89300
-6409.15000	10553.25400
-6367.65400	10578.40500
-6325.91600	10603.61800
-6284.29400	10628.36400
-6242.43200	10653.14300
-6200.49500	10677.74000
-6158.50400	10702.00600
-6116.28900	10726.29000
-6074.09100	10750.42300
-6031.80000	10774.27700
-5989.39000	10798.05800
-5946.88800	10821.55900
-5904.26800	10844.98700
-5861.55600	10868.24500
-5818.79300	10891.28200
-5775.96100	10914.10600
-5732.96700	10936.91000
-5689.90000	10959.42700
-5646.80900	10981.78300
-5603.50900	11004.06800
-5560.27600	11026.03600
-5516.85900	11047.99200
-5473.36900	11069.66600
-5429.76300	11091.25600
-5386.15600	11112.60100
-5342.47800	11133.73600
-5298.63700	11154.73900
-5254.65300	11175.70700
-5210.78900	11196.23300
-5166.66500	11216.77700
-5122.46900	11237.14700
-5078.32500	11257.21200
-5033.98900	11277.26100
-4989.58000	11297.14000
-4945.22600	11316.61000
-4900.60800	11336.09500
-4856.01600	11355.42800
-4811.32500	11374.49900
-4766.52100	11393.47900
-4721.71800	11412.21700
-4676.84400	11430.74300
-4631.80000	11449.24200
-4586.78600	11467.38700
-4541.63000	11485.44900
-4496.47500	11503.27100
-4451.14900	11521.06300
-4405.85200	11538.50500
-4360.41500	11555.86100
-4314.97900	11572.97900
-4269.47200	11589.98200
-4223.86100	11606.73300
-4178.14300	11623.38400
-4132.42400	11639.79600
-4086.63600	11656.09400
-4040.84700	11672.15500
-3994.88300	11688.08700
-3948.88200	11703.79600
-3902.81200	11719.29400
-3856.67100	11734.67400
-3810.52900	11749.81900
-3764.31900	11764.84600
-3718.10600	11779.54600
-3671.64800	11794.23100
-3625.22600	11808.76500
-3578.90800	11822.89100
-3532.30900	11837.01200
-3485.74500	11850.88900
-3439.11200	11864.64500
-3392.47700	11878.17100
-3345.77200	11891.48400
-3298.88800	11904.66900
-3252.08200	11917.63900
-3205.23700	11930.38800
-3158.21200	11943.09700
-3111.33400	11955.48500
-3064.23700	11967.75300
-3017.22000	11979.71800
-2969.98300	11991.65000
-2922.89800	12003.35100
-2875.65600	12014.82600
-2828.43200	12026.10300
-2781.04800	12037.24400
-2733.75400	12048.16800
-2686.30100	12058.95600
-2638.93800	12069.52800
-2591.41400	12079.96300
-2543.97600	12090.09800
-2496.42500	12100.03000
-2448.69200	12109.91500
-2401.11700	12119.57100
-2353.49600	12129.01000
-2305.80300	12138.23800
-2258.04400	12147.33900
-2210.28100	12156.21400
-2162.44700	12164.88000
-2114.54600	12173.41500
-2066.64200	12181.72800
-2018.78900	12189.83200
-1970.76600	12197.80100
-1922.84400	12205.55200
-1874.86800	12213.09000
-1826.82700	12220.49700
-1778.78200	12227.68200
-1730.66500	12234.65600
-1682.48400	12241.49800
-1634.42100	12248.12300
-1586.18500	12254.61000
-1538.04600	12260.80300
-1489.79500	12266.86900
-1441.53600	12272.71600
-1393.33500	12278.35400
-1344.95500	12283.85400
-1296.68300	12289.14000
-1248.35500	12294.21200
-1199.96100	12299.15000
-1151.69200	12303.87000
-1103.23900	12308.45400
-1054.89100	12312.74700
-1006.42800	12316.90900
-957.95700	12320.85400
-909.54800	12324.58700
-861.08400	12328.18500
-812.61100	12331.56700
-764.07900	12334.81100
-715.66200	12337.76600
-667.00300	12340.66200
-618.63900	12343.19200
-569.98100	12345.66400
-521.50300	12347.91700
-472.96000	12349.96000
-424.35600	12351.86500
-380.00100	12353.34500
-380.00100	9511.42200
-419.01500	9509.67500
-461.78300	9507.54400
-504.48300	9505.27500
-547.18300	9502.86300
-590.01600	9500.16100
-632.71500	9497.24800
-675.34500	9494.27400
-718.17600	9490.92600
-760.80500	9487.52700
-803.50600	9483.90400
-846.13400	9480.06800
-888.69300	9476.09600
-931.38200	9471.82900
-973.94000	9467.43100
-1016.49800	9462.89100
-1059.05800	9458.13100
-1101.67400	9453.08100
-1144.03200	9447.98100
-1186.57900	9442.57500
-1228.99500	9437.04200
-1271.40900	9431.36900
-1356.17300	9419.30200
-1398.64800	9412.97000
-1440.86900	9406.51300
-1483.19800	9399.83800
-1525.47400	9392.94600
-1567.68100	9385.84100
-1609.93600	9378.52700
-1652.01400	9371.16000
-1694.15000	9363.55700
-1736.33800	9355.66100
-1778.39700	9347.64700
-1820.34000	9339.48600
-1862.38600	9331.02000
-1904.30300	9322.43800
-1946.22000	9313.71500
-1988.14900	9304.67500
-2029.92500	9295.52600
-2071.58000	9286.31700
-2113.41100	9276.78400
-2155.24000	9266.96800
-2196.82400	9257.12200
-2238.46400	9247.03200
-2280.03300	9236.72900
-2321.52500	9226.30300
-2363.02100	9215.64600
-2404.44900	9204.77400
-2445.79700	9193.78100
-2487.03700	9182.63700
-2528.36600	9171.18500
-2569.57300	9159.62500
-2610.78600	9147.83000
-2651.80700	9135.99800
-2693.00100	9123.74200
-2733.88100	9111.48500
-2774.91500	9098.99000
-2815.81100	9086.26000
-2856.59200	9073.42300
-2897.37900	9060.34900
-2938.08700	9047.15800
-2978.80400	9033.72900
-3019.44900	9020.08600
-3059.91300	9006.31400
-3100.44700	8992.33000
-3140.84100	8978.20400
-3181.20300	8963.84900
-3221.48400	8949.38300
-3261.67400	8934.65900
-3301.85100	8919.75300
-3341.89200	8904.70200
-3381.88800	8889.52600
-3421.89400	8874.10800
-3461.72200	8858.56100
-3501.62200	8842.70100
-3541.30900	8826.72700
-3580.95000	8810.63000
-3620.49600	8794.37100
-3660.10900	8777.80100
-3699.50300	8761.22200
-3738.84600	8744.36200
-3778.16500	8727.32900
-3817.35700	8710.14700
-3856.50900	8692.73900
-3895.48100	8675.30800
-3934.59200	8657.53200
-4012.18900	8621.64200
-4050.99500	8603.34300
-4089.64900	8584.87000
-4128.22500	8566.29100
-4166.70900	8547.54700
-4205.15000	8528.57500
-4243.42200	8509.47500
-4281.65000	8490.14900
-4319.79800	8470.72000
-4357.85800	8451.12300
-4395.77600	8431.38300
-4433.74300	8411.33400
-4471.52100	8391.16600
-4509.15500	8370.85900
-4546.73400	8350.43900
-4584.32100	8329.76300
-4621.74400	8308.95800
-4659.02500	8288.01000
-4696.25600	8266.83600
-4733.41600	8245.45000
-4770.40600	8224.05100
-4807.34000	8202.34700
-4844.13800	8180.58100
-4880.94200	8158.55600
-4917.58400	8136.40000
-4954.08500	8114.10300
-4990.52800	8091.69800
-5026.98200	8068.91600
-5063.10400	8046.25000
-5099.35600	8023.22100
-5135.34400	8000.15200
-5171.29400	7976.84900
-5207.08600	7953.41500
-5242.82300	7929.75600
-5278.40200	7905.96600
-5313.92000	7882.07500
-5349.36200	7857.87900
-5384.58200	7833.71400
-5419.82000	7809.27600
-5454.81800	7784.78400
-5489.85600	7759.98200
-5524.64300	7735.13400
-5559.38300	7710.05700
-5593.96500	7684.97000
-5628.56600	7659.48400
-5662.93500	7634.04300
-5697.24100	7608.28000
-5731.32700	7582.55600
-5765.34600	7556.63300
-5799.30300	7530.49200
-5833.10900	7504.21500
-5866.85200	7477.71900
-5900.36500	7451.16400
-5933.82200	7424.51300
-5967.20400	7397.53700
-6000.36800	7370.60900
-6033.46600	7343.34900
-6066.42500	7316.06000
-6099.30800	7288.57600
-6131.97100	7261.02600
-6164.57600	7233.25200
-6197.10900	7205.26500
-6229.41900	7177.21700
-6261.59200	7149.02100
-6293.69900	7120.74200
-6325.72800	7092.13100
-6357.47300	7063.64600
-6389.22300	7034.74400
-6420.75800	7005.90200
-6452.22100	6976.85600
-6483.54200	6947.66400
-6514.79300	6918.26100
-6545.82800	6888.78900
-6576.72200	6859.17300
-6607.47600	6829.41500