-8831.13500	9018.76900
-10846.44500	11034.07900
-10811.95500	11067.94300
-10772.97400	11106.07500
-10733.88700	11143.89500
-10694.69700	11181.67200
-10655.32700	11219.21100
-10615.85400	11256.70600
-10576.20300	11293.96200
-10536.44800	11331.17600
-10496.53100	11368.27000
-10456.54600	11405.15100
-10416.42000	11441.89200
-10376.15300	11478.49200
-10335.74400	11514.95200
-10295.21100	11551.38800
-10254.57400	11587.51800
-10213.75800	11623.67300
-10172.91400	11659.44600
-10131.81200	11695.32200
-10090.68600	11730.81300
-10049.37600	11766.33200
-10007.98000	11801.66300
-9966.44300	11836.85300
-9924.76400	11871.90200
-9883.02000	11906.73500
-9841.06900	11941.62400
-9799.09900	11976.12900
-9756.92800	12010.54400
-9714.62900	12044.93300
-9672.32100	12079.06100
-9629.77600	12113.01100
-9587.13000	12146.90200
-9544.39400	12180.61100
-9501.51600	12214.17900
-9458.57500	12247.53000
-9415.48600	12280.74600
-9372.26900	12313.93600
-9328.95500	12346.82600
-9285.44300	12379.61800
-9241.87900	12412.30800
-9198.22600	12444.81800
-9154.43100	12477.18800
-9110.56200	12509.22700
-9066.49800	12541.28600
-9022.36200	12573.27500
-8978.21200	12604.89100
-8933.85300	12636.41500
-8889.36400	12667.91000
-8844.78100	12699.11000
-8800.09100	12730.24400
-8755.30800	12761.20400
-8710.45500	12791.83300
-8665.40100	12822.48200
-8620.27600	12853.05900
-8575.14200	12883.26500
-8529.79400	12913.37900
-8484.31600	12943.46300
-8438.83000	12973.17600
-8393.14000	13002.90600
-8347.36900	13032.45600
-8301.54100	13061.78500
-8255.64200	13090.90400
-8209.50500	13119.96800
-8163.40800	13148.72500
-8117.06800	13177.54600
-8070.74700	13206.10000
-8024.34600	13234.33400
-7977.73800	13262.58100
-7931.04900	13290.65100
-7884.30500	13318.50000
-7837.50100	13346.24300
-7790.59100	13373.71200
-7743.48800	13401.18300
-7696.39200	13428.39600
-7649.12900	13455.37300
-7601.77000	13482.37500
-7554.36600	13509.07000
-7506.84700	13535.57900
-7459.26800	13561.98000
-7411.58200	13588.11200
-7363.70200	13614.24100
-7315.83000	13640.11500
-7267.89000	13665.77600
-7219.79800	13691.41200
-7171.70700	13716.68900
-7123.40300	13741.97000
-7075.11000	13766.99800
-7026.65500	13791.89500
-6978.15000	13816.57000
-6929.57600	13841.03300
-6880.84700	13865.46800
-6832.12300	13889.54700
-6783.18200	13913.63000
-6734.34800	13937.37700
-6685.24500	13961.18700
-6636.26100	13984.55200
-6587.03800	14007.92700
-6537.73600	14031.13200
-6488.47900	14054.03400
-6438.94200	14076.89700
-6389.47400	14099.44500
-6339.82700	14121.97400
-6290.19600	14144.25200
-6240.49400	14166.31700
-6190.62600	14188.25300
-6140.72000	14210.06500
-6090.80000	14231.53800
-6040.75200	14252.92700
-5990.60300	14274.15800
-5940.41500	14295.26300
-5890.11500	14316.11600
-5839.81300	14336.78600
-5789.38000	14357.31200
-5738.91200	14377.71100
-5688.32900	14397.85900
-5637.64700	14417.90500
-5587.05700	14437.63300
-5536.27000	14457.24300
-5485.35100	14476.80600
-5434.54100	14495.94600
-5383.48000	14515.08500
-5332.44600	14534.07300
-5281.39800	14552.73100
-5230.12400	14571.37600
-5178.97200	14589.69400
-5127.61900	14607.89400
-5076.23400	14625.96300
-5024.84100	14643.79800
-4973.37600	14661.42300
-4921.84200	14678.83600
-4870.14500	14696.20900
-4818.57100	14713.25900
-4766.79300	14730.18900
-4714.98600	14746.98700
-4663.16900	14763.55400
-4611.28200	14779.90900
-4559.32500	14796.05400
-4507.20300	14812.15600
-4455.20800	14827.93700
-4403.00500	14843.59800
-4350.77400	14859.12500
-4298.63900	14874.34300
-4246.29500	14889.44000
-4193.92500	14904.40200
-4141.54300	14919.13600
-4089.09200	14933.65800
-4036.58000	14948.05700
-3984.05800	14962.22700
-3931.46600	14976.18600
-3878.81300	14990.01900
-3826.04400	15003.70500
-3773.34600	15017.09000
-3720.55200	15030.36000
-3667.74900	15043.40100
-3614.76700	15056.31100
-3561.86900	15069.00700
-3508.92400	15081.48500
-3455.91900	15093.83600
-3402.79400	15106.04100
-3349.74700	15117.94600
-3296.59000	15129.64900
-3243.38300	15141.30800
-3190.21600	15152.64500
-3136.92900	15163.86700
-3083.63100	15174.86400
-3030.27300	15185.73300
-2976.90400	15196.37900
-2923.46600	15206.81200
-2869.96700	15217.11600
-2816.56800	15227.11900
-2762.95800	15237.07900
-2709.37800	15246.80800
-2655.83900	15256.24700
-2602.19800	15265.56300
-2548.55900	15274.73800
-2494.78400	15283.68800
-2441.05600	15292.51300
-2387.43700	15300.95600
-2333.54200	15309.36200
-2279.69100	15317.61900
-2225.94100	15325.58000
-2172.09200	15333.41300
-2118.11300	15341.10400
-2064.22200	15348.49900
-2010.34500	15355.69300
-1956.29700	15362.74900
-1902.23500	15369.66500
-1848.28800	15376.36400
-1794.26900	15382.77300
-1740.15000	15389.13100
-1686.07400	15395.26500
-1632.04400	15401.11100
-1577.79500	15406.90300
-1523.69500	15412.39700
-1469.49100	15417.76000
-1415.39000	15422.83300
-1361.07100	15427.84700
-1306.91400	15432.64200
-1252.69500	15437.22500
-1198.40800	15441.59600
-1144.06400	15445.83000
-1089.83700	15449.84900
-1035.54900	15453.65600
-981.20500	15457.32600
-926.96400	15460.70600
-872.50100	15464.02700
-818.31000	15466.98100
-763.84500	15469.87800
-709.43200	15472.63000
-655.12000	15475.09500
-600.70500	15477.42500
-546.39500	15479.46600
-500.00000	15481.09000
-500.00000	12629.07800
-505.09900	12628.87300
-554.29200	12626.74700
-603.60700	12624.40500
-652.85400	12621.85100
-702.16700	12619.08400
-751.41500	12616.10400
-800.60300	12612.98600
-849.79200	12609.72500
-899.09400	12606.17400
-948.14800	12602.48800
-997.32700	12598.66100
-1095.62200	12590.29400
-1144.84400	12585.74300
-1193.89800	12581.14200
-1242.99800	12576.24000
-1292.10400	12571.20900
-1341.09000	12566.03400
-1390.17900	12560.56400
-1439.15300	12554.96500
-1488.12000	12549.14700
-1537.14400	12543.11700
-1586.11300	12536.87200
-1634.89500	12530.57000
-1683.84100	12523.96500
-1732.67500	12517.23100
-1781.61900	12510.19900
-1830.33200	12503.11900
-1879.20700	12495.73200
-1927.85000	12488.29700
-1976.65300	12480.55500
-2025.33800	12472.60600
-2073.95700	12464.52700
-2122.57100	12456.22400
-2171.11900	12447.79100
-2219.78000	12439.05300
-2268.21100	12430.27300
-2316.80000	12421.18100
-2365.27300	12411.88500
-2413.56300	12402.53800
-2462.01400	12392.96200
-2510.41200	12383.08400
-2558.67600	12373.09100
-2606.94000	12362.95700
-2655.20000	12352.59600
-2703.39000	12342.02100
-2751.51100	12331.32000
-2799.63000	12320.39000
-2847.67700	12309.24900
-2895.65800	12297.98000
-2943.63500	12286.48200
-2991.65500	12274.77900
-3039.51700	12262.85100
-3087.28700	12250.89000
-3135.11900	12238.59600
-3182.81600	12226.19200
-3230.50900	12213.56100
-3278.13400	12200.80400
-3325.75600	12187.81700
-3373.30700	12174.61600
-3420.79000	12161.29200
-3468.27000	12147.73700
-3515.57100	12134.05100
-3562.94700	12120.05900
-3610.21700	12105.95600
-3657.37600	12091.70200
-3704.50400	12077.31600
-3751.73700	12062.61500
-3798.75600	12047.79200
-3845.74000	12032.74600
-3892.65400	12017.58100
-3939.56700	12002.18100
-3986.30400	11986.64900
-4033.10800	11970.81200
-4079.70500	11954.94900
-4126.33500	11938.83800
-4172.89400	11922.61100
-4219.45000	11906.04900
-4265.86800	11889.39600
-4312.18000	11872.58800
-4358.55900	11855.56800
-4404.79900	11838.30800
-4450.93300	11820.94700
-4496.96300	11803.42900
-4543.05600	11785.70100
-4589.01500	11767.82800
-4634.93300	11749.63300
-4680.71300	11731.44700
-4726.45800	11712.98000
-4772.19500	11694.33100
-4863.19600	11656.62800
-4908.78700	11637.35400
-4954.11000	11617.99100
-4999.39100	11598.50400
-5044.67100	11578.77400
-5089.78100	11558.91400
-5134.84900	11538.93200
-5179.91500	11518.60300
-5224.74400	11498.27700
-5269.59800	11477.69600
-5314.38000	11456.90300
-5358.99600	11435.97800
-5403.56700	11414.93300
-5448.13700	11393.64200
-5492.54000	11372.22000
-5536.89600	11350.57600
-5581.18200	11328.71700
-5625.30400	11306.83300
-5669.35000	11284.66900
-5713.37700	11262.33700
-5757.28500	11239.85100
-5801.05000	11217.22400
-5844.77000	11194.47900
-5888.48500	11171.37800
-5931.97000	11148.29000
-5975.47400	11124.94200
-6018.90700	11101.38100
-6062.08600	11077.77000
-6105.32700	11053.95300
-6148.45400	11029.86800
-6191.37300	11005.78700
-6234.30900	10981.44600
-6277.17300	10956.89100
-6319.87700	10932.20600
-6362.43900	10907.37800
-6404.94800	10882.32800
-6447.39000	10857.17500
-6489.73900	10831.85100
-6531.94400	10806.27300
-6574.03100	10780.62400
-6616.02600	10754.80400
-6657.97000	10728.87200
-6699.82100	10702.65300
-6741.55100	10676.36900
-6783.18900	10649.79500
-6824.62200	10623.23500
-6866.06400	10596.41200
-6907.35200	10569.45500
-6948.58200	10542.27700
-6989.65700	10514.96400
-7030.67300	10487.43100
-7071.45600	10459.95900
-7112.25400	10432.09800
-7152.92100	10404.18400
-7193.50000	10376.09200
-7233.93500	10347.85900
-7274.23100	10319.48100
-7314.46500	10290.88500
-7354.54800	10262.15300
-7394.57500	10233.32000
-7434.51000	10204.18600
-7474.24300	10175.07700
-7513.89400	10145.66000
-7553.42400	10116.19000
-7592.78900	10086.61300
-7632.18000	10056.73400
-7671.33200	10026.80200
-7710.42900	9996.64600
-7749.37700	9966.35500
-7788.19100	9936.03900
-7826.91800	9905.41400
-7865.52600	9874.74000
-7903.96300	9843.83500
-7942.28700	9812.87900
-7980.60300	9781.65800
-8018.69400	9750.37800
-8056.72600	9718.87400
-8094.53300	9687.30900
-8132.28200	9655.52100
-8169.88200	9623.59800
-8207.41600	9591.45600
-8244.73700	9559.37600
-8281.97400	9526.97200
-8319.09200	9494.52900
-8356.12500	9461.89500
-8393.00600	9428.99500
-8429.69500	9396.13000
-8466.30200	9363.07100
-8502.76700	9329.87000
-8539.09200	9296.52600
-8575.35800	9263.09200
-8611.45500	9229.41200
-8647.42600	9195.57000
-8683.19300	9161.78700
-8718.93800	9127.60700
-8754.42200	9093.53900
-8789.88300	9059.07400
-8825.15500	9024.65200