顶点列表:
-8831.135,9018.769;-10846.445,11034.079;-10811.955,11067.943;-10772.974,11106.075;-10733.887,11143.895;-10694.697,11181.672;-10655.327,11219.211;-10615.854,11256.706;-10576.203,11293.962;-10536.448,11331.176;-10496.531,11368.270;-10456.546,11405.151;-10416.420,11441.892;-10376.153,11478.492;-10335.744,11514.952;-10295.211,11551.388;-10254.574,11587.518;-10213.758,11623.673;-10172.914,11659.446;-10131.812,11695.322;-10090.686,11730.813;-10049.376,11766.332;-10007.980,11801.663;-9966.443,11836.853;-9924.764,11871.902;-9883.020,11906.735;-9841.069,11941.624;-9799.099,11976.129;-9756.928,12010.544;-9714.629,12044.933;-9672.321,12079.061;-9629.776,12113.011;-9587.130,12146.902;-9544.394,12180.611;-9501.516,12214.179;-9458.575,12247.530;-9415.486,12280.746;-9372.269,12313.936;-9328.955,12346.826;-9285.443,12379.618;-9241.879,12412.308;-9198.226,12444.818;-9154.431,12477.188;-9110.562,12509.227;-9066.498,12541.286;-9022.362,12573.275;-8978.212,12604.891;-8933.853,12636.415;-8889.364,12667.910;-8844.781,12699.110;-8800.091,12730.244;-8755.308,12761.204;-8710.455,12791.833;-8665.401,12822.482;-8620.276,12853.059;-8575.142,12883.265;-8529.794,12913.379;-8484.316,12943.463;-8438.830,12973.176;-8393.140,13002.906;-8347.369,13032.456;-8301.541,13061.785;-8255.642,13090.904;-8209.505,13119.968;-8163.408,13148.725;-8117.068,13177.546;-8070.747,13206.100;-8024.346,13234.334;-7977.738,13262.581;-7931.049,13290.651;-7884.305,13318.500;-7837.501,13346.243;-7790.591,13373.712;-7743.488,13401.183;-7696.392,13428.396;-7649.129,13455.373;-7601.770,13482.375;-7554.366,13509.070;-7506.847,13535.579;-7459.268,13561.980;-7411.582,13588.112;-7363.702,13614.241;-7315.830,13640.115;-7267.890,13665.776;-7219.798,13691.412;-7171.707,13716.689;-7123.403,13741.970;-7075.110,13766.998;-7026.655,13791.895;-6978.150,13816.570;-6929.576,13841.033;-6880.847,13865.468;-6832.123,13889.547;-6783.182,13913.630;-6734.348,13937.377;-6685.245,13961.187;-6636.261,13984.552;-6587.038,14007.927;-6537.736,14031.132;-6488.479,14054.034;-6438.942,14076.897;-6389.474,14099.445;-6339.827,14121.974;-6290.196,14144.252;-6240.494,14166.317;-6190.626,14188.253;-6140.720,14210.065;-6090.800,14231.538;-6040.752,14252.927;-5990.603,14274.158;-5940.415,14295.263;-5890.115,14316.116;-5839.813,14336.786;-5789.380,14357.312;-5738.912,14377.711;-5688.329,14397.859;-5637.647,14417.905;-5587.057,14437.633;-5536.270,14457.243;-5485.351,14476.806;-5434.541,14495.946;-5383.480,14515.085;-5332.446,14534.073;-5281.398,14552.731;-5230.124,14571.376;-5178.972,14589.694;-5127.619,14607.894;-5076.234,14625.963;-5024.841,14643.798;-4973.376,14661.423;-4921.842,14678.836;-4870.145,14696.209;-4818.571,14713.259;-4766.793,14730.189;-4714.986,14746.987;-4663.169,14763.554;-4611.282,14779.909;-4559.325,14796.054;-4507.203,14812.156;-4455.208,14827.937;-4403.005,14843.598;-4350.774,14859.125;-4298.639,14874.343;-4246.295,14889.440;-4193.925,14904.402;-4141.543,14919.136;-4089.092,14933.658;-4036.580,14948.057;-3984.058,14962.227;-3931.466,14976.186;-3878.813,14990.019;-3826.044,15003.705;-3773.346,15017.090;-3720.552,15030.360;-3667.749,15043.401;-3614.767,15056.311;-3561.869,15069.007;-3508.924,15081.485;-3455.919,15093.836;-3402.794,15106.041;-3349.747,15117.946;-3296.590,15129.649;-3243.383,15141.308;-3190.216,15152.645;-3136.929,15163.867;-3083.631,15174.864;-3030.273,15185.733;-2976.904,15196.379;-2923.466,15206.812;-2869.967,15217.116;-2816.568,15227.119;-2762.958,15237.079;-2709.378,15246.808;-2655.839,15256.247;-2602.198,15265.563;-2548.559,15274.738;-2494.784,15283.688;-2441.056,15292.513;-2387.437,15300.956;-2333.542,15309.362;-2279.691,15317.619;-2225.941,15325.580;-2172.092,15333.413;-2118.113,15341.104;-2064.222,15348.499;-2010.345,15355.693;-1956.297,15362.749;-1902.235,15369.665;-1848.288,15376.364;-1794.269,15382.773;-1740.150,15389.131;-1686.074,15395.265;-1632.044,15401.111;-1577.795,15406.903;-1523.695,15412.397;-1469.491,15417.760;-1415.390,15422.833;-1361.071,15427.847;-1306.914,15432.642;-1252.695,15437.225;-1198.408,15441.596;-1144.064,15445.830;-1089.837,15449.849;-1035.549,15453.656;-981.205,15457.326;-926.964,15460.706;-872.501,15464.027;-818.310,15466.981;-763.845,15469.878;-709.432,15472.630;-655.120,15475.095;-600.705,15477.425;-546.395,15479.466;-500.000,15481.090;-500.000,12629.078;-505.099,12628.873;-554.292,12626.747;-603.607,12624.405;-652.854,12621.851;-702.167,12619.084;-751.415,12616.104;-800.603,12612.986;-849.792,12609.725;-899.094,12606.174;-948.148,12602.488;-997.327,12598.661;-1095.622,12590.294;-1144.844,12585.743;-1193.898,12581.142;-1242.998,12576.240;-1292.104,12571.209;-1341.090,12566.034;-1390.179,12560.564;-1439.153,12554.965;-1488.120,12549.147;-1537.144,12543.117;-1586.113,12536.872;-1634.895,12530.570;-1683.841,12523.965;-1732.675,12517.231;-1781.619,12510.199;-1830.332,12503.119;-1879.207,12495.732;-1927.850,12488.297;-1976.653,12480.555;-2025.338,12472.606;-2073.957,12464.527;-2122.571,12456.224;-2171.119,12447.791;-2219.780,12439.053;-2268.211,12430.273;-2316.800,12421.181;-2365.273,12411.885;-2413.563,12402.538;-2462.014,12392.962;-2510.412,12383.084;-2558.676,12373.091;-2606.940,12362.957;-2655.200,12352.596;-2703.390,12342.021;-2751.511,12331.320;-2799.630,12320.390;-2847.677,12309.249;-2895.658,12297.980;-2943.635,12286.482;-2991.655,12274.779;-3039.517,12262.851;-3087.287,12250.890;-3135.119,12238.596;-3182.816,12226.192;-3230.509,12213.561;-3278.134,12200.804;-3325.756,12187.817;-3373.307,12174.616;-3420.790,12161.292;-3468.270,12147.737;-3515.571,12134.051;-3562.947,12120.059;-3610.217,12105.956;-3657.376,12091.702;-3704.504,12077.316;-3751.737,12062.615;-3798.756,12047.792;-3845.740,12032.746;-3892.654,12017.581;-3939.567,12002.181;-3986.304,11986.649;-4033.108,11970.812;-4079.705,11954.949;-4126.335,11938.838;-4172.894,11922.611;-4219.450,11906.049;-4265.868,11889.396;-4312.180,11872.588;-4358.559,11855.568;-4404.799,11838.308;-4450.933,11820.947;-4496.963,11803.429;-4543.056,11785.701;-4589.015,11767.828;-4634.933,11749.633;-4680.713,11731.447;-4726.458,11712.980;-4772.195,11694.331;-4863.196,11656.628;-4908.787,11637.354;-4954.110,11617.991;-4999.391,11598.504;-5044.671,11578.774;-5089.781,11558.914;-5134.849,11538.932;-5179.915,11518.603;-5224.744,11498.277;-5269.598,11477.696;-5314.380,11456.903;-5358.996,11435.978;-5403.567,11414.933;-5448.137,11393.642;-5492.540,11372.220;-5536.896,11350.576;-5581.182,11328.717;-5625.304,11306.833;-5669.350,11284.669;-5713.377,11262.337;-5757.285,11239.851;-5801.050,11217.224;-5844.770,11194.479;-5888.485,11171.378;-5931.970,11148.290;-5975.474,11124.942;-6018.907,11101.381;-6062.086,11077.770;-6105.327,11053.953;-6148.454,11029.868;-6191.373,11005.787;-6234.309,10981.446;-6277.173,10956.891;-6319.877,10932.206;-6362.439,10907.378;-6404.948,10882.328;-6447.390,10857.175;-6489.739,10831.851;-6531.944,10806.273;-6574.031,10780.624;-6616.026,10754.804;-6657.970,10728.872;-6699.821,10702.653;-6741.551,10676.369;-6783.189,10649.795;-6824.622,10623.235;-6866.064,10596.412;-6907.352,10569.455;-6948.582,10542.277;-6989.657,10514.964;-7030.673,10487.431;-7071.456,10459.959;-7112.254,10432.098;-7152.921,10404.184;-7193.500,10376.092;-7233.935,10347.859;-7274.231,10319.481;-7314.465,10290.885;-7354.548,10262.153;-7394.575,10233.320;-7434.510,10204.186;-7474.243,10175.077;-7513.894,10145.660;-7553.424,10116.190;-7592.789,10086.613;-7632.180,10056.734;-7671.332,10026.802;-7710.429,9996.646;-7749.377,9966.355;-7788.191,9936.039;-7826.918,9905.414;-7865.526,9874.740;-7903.963,9843.835;-7942.287,9812.879;-7980.603,9781.658;-8018.694,9750.378;-8056.726,9718.874;-8094.533,9687.309;-8132.282,9655.521;-8169.882,9623.598;-8207.416,9591.456;-8244.737,9559.376;-8281.974,9526.972;-8319.092,9494.529;-8356.125,9461.895;-8393.006,9428.995;-8429.695,9396.130;-8466.302,9363.071;-8502.767,9329.870;-8539.092,9296.526;-8575.358,9263.092;-8611.455,9229.412;-8647.426,9195.570;-8683.193,9161.787;-8718.938,9127.607;-8754.422,9093.539;-8789.883,9059.074;-8825.155,9024.652
短控制列表:
0,0,0,0,0,0,0,0,0,0,0,0,0,0,0,0,0,0,0,0,0,0,0,0,0,0,0,0,0,0,0,0,0,0,0,0,0,0,0,0,0,0,0,0,0,0,0,0,0,0,0,0,0,0,0,0,0,0,0,0,0,0,0,0,0,0,0,0,0,0,0,0,0,0,0,0,0,0,0,0,0,0,0,0,0,0,0,0,0,0,0,0,0,0,0,0,0,0,0,0,0,0,0,0,0,0,0,0,0,0,0,0,0,0,0,0,0,0,0,0,0,0,0,0,0,0,0,0,0,0,0,0,0,0,0,0,0,0,0,0,0,0,0,0,0,0,0,0,0,0,0,0,0,0,0,0,0,0,0,0,0,0,0,0,0,0,0,0,0,0,0,0,0,0,0,0,0,0,0,0,0,0,0,0,0,0,0,10,10,0,0,0,0,0,0,0,0,0,0,0,0,0,0,0,0,0,0,0,0,0,0,0,0,0,0,0,0,0,0,0,0,0,0,0,0,0,0,0,0,0,0,0,0,0,0,0,0,0,0,0,0,0,0,0,0,0,0,0,0,0,0,0,0,0,0,0,0,0,0,0,0,0,0,0,0,0,0,0,0,0,0,0,0,0,0,0,0,0,0,0,0,0,0,0,0,0,0,0,0,0,0,0,0,0,0,0,0,0,0,0,0,0,0,0,0,0,0,0,0,0,0,0,0,0,0,0,0,0,0,0,0,0,0,0,0,0,0,0,0,0,0,0,0,0,0,0,0,0,0,0,0,0,0,0,0,0,0,0,0,0,0,0,0,0,0,0,0,0,0,0,0,0,0,0,0,0,0,0,0,0,0,0,0,0,0,0,0,0,0,0,0,0,0,0,0,0,0,0,0,0,0,0,0,0,0,0,0,0,0,0,10,10
短控制列表2:
0,0,0,0,0,0,0,0,0,0,0,0,0,0,0,0,0,0,0,0,0,0,0,0,0,0,0,0,0,0,0,0,0,0,0,0,0,0,0,0,0,0,0,0,0,0,0,0,0,0,0,0,0,0,0,0,0,0,0,0,0,0,0,0,0,0,0,0,0,0,0,0,0,0,0,0,0,0,0,0,0,0,0,0,0,0,0,0,0,0,0,0,0,0,0,0,0,0,0,0,0,0,0,0,0,0,0,0,0,0,0,0,0,0,0,0,0,0,0,0,0,0,0,0,0,0,0,0,0,0,0,0,0,0,0,0,0,0,0,0,0,0,0,0,0,0,0,0,0,0,0,0,0,0,0,0,0,0,0,0,0,0,0,0,0,0,0,0,0,0,0,0,0,0,0,0,0,0,0,0,0,0,0,0,0,0,0,45,45,0,0,0,0,0,0,0,0,0,0,0,0,0,0,0,0,0,0,0,0,0,0,0,0,0,0,0,0,0,0,0,0,0,0,0,0,0,0,0,0,0,0,0,0,0,0,0,0,0,0,0,0,0,0,0,0,0,0,0,0,0,0,0,0,0,0,0,0,0,0,0,0,0,0,0,0,0,0,0,0,0,0,0,0,0,0,0,0,0,0,0,0,0,0,0,0,0,0,0,0,0,0,0,0,0,0,0,0,0,0,0,0,0,0,0,0,0,0,0,0,0,0,0,0,0,0,0,0,0,0,0,0,0,0,0,0,0,0,0,0,0,0,0,0,0,0,0,0,0,0,0,0,0,0,0,0,0,0,0,0,0,0,0,0,0,0,0,0,0,0,0,0,0,0,0,0,0,0,0,0,0,0,0,0,0,0,0,0,0,0,0,0,0,0,0,0,0,0,0,0,0,0,0,0,0,0,0,0,0,0,0,45,45
短控制列表3:
0,0,0,0,0,0,0,0,0,0,0,0,0,0,0,0,0,0,0,0,0,0,0,0,0,0,0,0,0,0,0,0,0,0,0,0,0,0,0,0,0,0,0,0,0,0,0,0,0,0,0,0,0,0,0,0,0,0,0,0,0,0,0,0,0,0,0,0,0,0,0,0,0,0,0,0,0,0,0,0,0,0,0,0,0,0,0,0,0,0,0,0,0,0,0,0,0,0,0,0,0,0,0,0,0,0,0,0,0,0,0,0,0,0,0,0,0,0,0,0,0,0,0,0,0,0,0,0,0,0,0,0,0,0,0,0,0,0,0,0,0,0,0,0,0,0,0,0,0,0,0,0,0,0,0,0,0,0,0,0,0,0,0,0,0,0,0,0,0,0,0,0,0,0,0,0,0,0,0,0,0,0,0,0,0,0,0,10,10,0,0,0,0,0,0,0,0,0,0,0,0,0,0,0,0,0,0,0,0,0,0,0,0,0,0,0,0,0,0,0,0,0,0,0,0,0,0,0,0,0,0,0,0,0,0,0,0,0,0,0,0,0,0,0,0,0,0,0,0,0,0,0,0,0,0,0,0,0,0,0,0,0,0,0,0,0,0,0,0,0,0,0,0,0,0,0,0,0,0,0,0,0,0,0,0,0,0,0,0,0,0,0,0,0,0,0,0,0,0,0,0,0,0,0,0,0,0,0,0,0,0,0,0,0,0,0,0,0,0,0,0,0,0,0,0,0,0,0,0,0,0,0,0,0,0,0,0,0,0,0,0,0,0,0,0,0,0,0,0,0,0,0,0,0,0,0,0,0,0,0,0,0,0,0,0,0,0,0,0,0,0,0,0,0,0,0,0,0,0,0,0,0,0,0,0,0,0,0,0,0,0,0,0,0,0,0,0,0,0,0,10,10
短控制列表4:
0,0,0,0,0,0,0,0,0,0,0,0,0,0,0,0,0,0,0,0,0,0,0,0,0,0,0,0,0,0,0,0,0,0,0,0,0,0,0,0,0,0,0,0,0,0,0,0,0,0,0,0,0,0,0,0,0,0,0,0,0,0,0,0,0,0,0,0,0,0,0,0,0,0,0,0,0,0,0,0,0,0,0,0,0,0,0,0,0,0,0,0,0,0,0,0,0,0,0,0,0,0,0,0,0,0,0,0,0,0,0,0,0,0,0,0,0,0,0,0,0,0,0,0,0,0,0,0,0,0,0,0,0,0,0,0,0,0,0,0,0,0,0,0,0,0,0,0,0,0,0,0,0,0,0,0,0,0,0,0,0,0,0,0,0,0,0,0,0,0,0,0,0,0,0,0,0,0,0,0,0,0,0,0,0,0,0,65,65,0,0,0,0,0,0,0,0,0,0,0,0,0,0,0,0,0,0,0,0,0,0,0,0,0,0,0,0,0,0,0,0,0,0,0,0,0,0,0,0,0,0,0,0,0,0,0,0,0,0,0,0,0,0,0,0,0,0,0,0,0,0,0,0,0,0,0,0,0,0,0,0,0,0,0,0,0,0,0,0,0,0,0,0,0,0,0,0,0,0,0,0,0,0,0,0,0,0,0,0,0,0,0,0,0,0,0,0,0,0,0,0,0,0,0,0,0,0,0,0,0,0,0,0,0,0,0,0,0,0,0,0,0,0,0,0,0,0,0,0,0,0,0,0,0,0,0,0,0,0,0,0,0,0,0,0,0,0,0,0,0,0,0,0,0,0,0,0,0,0,0,0,0,0,0,0,0,0,0,0,0,0,0,0,0,0,0,0,0,0,0,0,0,0,0,0,0,0,0,0,0,0,0,0,0,0,0,0,0,0,0,65,65
加长控制列表:
0,0,0,0,0,0,0,0,0,0,0,0,0,0,0,0,0,0,0,0,0,0,0,0,0,0,0,0,0,0,0,0,0,0,0,0,0,0,0,0,0,0,0,0,0,0,0,0,0,0,0,0,0,0,0,0,0,0,0,0,0,0,0,0,0,0,0,0,0,0,0,0,0,0,0,0,0,0,0,0,0,0,0,0,0,0,0,0,0,0,0,0,0,0,0,0,0,0,0,0,0,0,0,0,0,0,0,0,0,0,0,0,0,0,0,0,0,0,0,0,0,0,0,0,0,0,0,0,0,0,0,0,0,0,0,0,0,0,0,0,0,0,0,0,0,0,0,0,0,0,0,0,0,0,0,0,0,0,0,0,0,0,0,0,0,0,0,0,0,0,0,0,0,0,0,0,0,0,0,0,0,0,0,0,0,0,0,0,0,0,0,0,0,0,0,0,0,0,0,0,0,0,0,0,0,0,0,0,0,0,0,0,0,0,0,0,0,0,0,0,0,0,0,0,0,0,0,0,0,0,0,0,0,0,0,0,0,0,0,0,0,0,0,0,0,0,0,0,0,0,0,0,0,0,0,0,0,0,0,0,0,0,0,0,0,0,0,0,0,0,0,0,0,0,0,0,0,0,0,0,0,0,0,0,0,0,0,0,0,0,0,0,0,0,0,0,0,0,0,0,0,0,0,0,0,0,0,0,0,0,0,0,0,0,0,0,0,0,0,0,0,0,0,0,0,0,0,0,0,0,0,0,0,0,0,0,0,0,0,0,0,0,0,0,0,0,0,0,0,0,0,0,0,0,0,0,0,0,0,0,0,0,0,0,0,0,0,0,0,0,0,0,0,0,0,0,0,0,0,0,0,0,0,0,0,0,0,0,0,0,0,0,0,0,0,0,0,0,0,0,0,0,0,0,0,0,0,0,0,0,0,0,0,0,0,0,0,0,0,0,0,0,0,0,0,0,0,0,0,0,0,0,0,0,0,0,0,0,0,0,0,0,0,0,0,0,0,0,0,0,0,0,0,0,0,0,0,0,0,0,0,0,0,0,0,0,0,0,0,0,0,0,0,0,0,0,0,0,0,0,0,0,0,0,0,0,0,0,0,0,0,0,0,0,0,0,0,0,0,0,0,0,0,0,0,0,0,0,0,0,0,0,0,0,0,0,0,0,0,0,0,0,0,0,0,0,0,0,0,0,0,0,0,0,0,0,0,0,0,0,0,0,0,0,0,0,0,0,0,0,0,0,0,0,0,0,0,0,0,0,0,0,0,0,0,0,0,0,0,0,0,0,0,0,0,0,0,0,0,0,0,0,0,0,0,0,0,0,0,65,65,0,0,0,0,0,0,0,0,0,0,0,0,0,0,0,0,0,0,0,0,0,0,0,0,0,0,0,0,0,0,0,0,0,0,0,0,0,0,0,0,0,0,0,0,0,0,0,0,0,0,0,0,0,0,0,0,0,0,0,0,0,0,0,0,0,0,0,0,0,0,0,0,0,0,0,0,0,0,0,0,0,0,0,0,0,0,0,0,0,0,0,0,0,0,0,0,0,0,0,0,0,0,0,0,0,0,0,0,0,0,0,0,0,0,0,0,0,0,0,0,0,0,0,0,0,0,0,0,0,0,0,0,0,0,0,0,0,0,0,0,0,0,0,0,0,0,0,0,0,0,0,0,0,0,0,0,0,0,0,0,0,0,0,0,0,0,0,0,0,0,0,0,0,0,0,0,0,0,0,0,0,0,0,0,0,0,0,0,0,0,0,0,0,0,0,0,0,0,0,0,0,0,0,0,0,0,0,0,0,0,0,65,65
