顶点列表:
-11044.448,11232.082;-13052.674,13240.308;-13049.547,13243.403;-13007.004,13285.240;-12964.413,13326.983;-12921.635,13368.492;-12878.691,13410.024;-12835.631,13451.250;-12792.476,13492.428;-12749.156,13533.489;-12705.673,13574.294;-12662.095,13615.046;-12618.351,13655.686;-12574.539,13696.110;-12530.585,13736.396;-12486.437,13776.729;-12442.253,13816.685;-12397.875,13856.546;-12353.377,13896.383;-12308.840,13935.845;-12264.057,13975.401;-12219.185,14014.770;-12174.226,14053.808;-12129.018,14092.942;-12083.797,14131.814;-12038.451,14170.661;-11992.996,14209.209;-11947.422,14247.587;-11901.629,14285.901;-11855.793,14324.108;-11809.843,14362.024;-11763.722,14399.952;-11717.508,14437.699;-11671.155,14475.303;-11624.717,14512.579;-11578.100,14549.874;-11531.412,14587.096;-11484.617,14624.024;-11437.628,14660.853;-11390.575,14697.465;-11343.392,14734.052;-11296.121,14770.458;-11248.691,14806.612;-11201.163,14842.700;-11153.539,14878.612;-11105.774,14914.382;-11057.946,14949.935;-11009.890,14985.430;-10961.876,15020.734;-10913.662,15055.837;-10865.358,15090.864;-10816.861,15125.685;-10768.354,15160.353;-10719.662,15194.932;-10670.918,15229.285;-10622.023,15263.503;-10573.067,15297.505;-10523.962,15331.371;-10474.730,15365.203;-10425.477,15398.673;-10376.033,15432.153;-10326.503,15465.454;-10276.914,15498.539;-10227.173,15531.486;-10177.289,15564.296;-10127.347,15596.884;-10077.334,15629.261;-10027.102,15661.691;-9976.862,15693.750;-9926.513,15725.739;-9876.065,15757.559;-9825.476,15789.240;-9774.829,15820.700;-9724.043,15852.131;-9673.241,15883.204;-9622.243,15914.283;-9571.145,15945.082;-9519.948,15975.800;-9468.738,16006.272;-9417.372,16036.611;-9365.880,16066.913;-9314.372,16096.859;-9262.754,16126.729;-9211.020,16156.330;-9159.104,16185.926;-9107.189,16215.270;-9055.116,16244.480;-9003.004,16273.573;-8950.863,16302.320;-8898.522,16331.068;-8846.097,16359.645;-8793.705,16387.920;-8741.052,16416.151;-8688.449,16444.074;-8635.595,16472.057;-8582.838,16499.597;-8529.862,16527.144;-8476.801,16554.522;-8423.688,16581.677;-8370.503,16608.622;-8317.173,16635.532;-8263.847,16662.196;-8210.453,16688.647;-8156.898,16714.966;-8103.201,16741.143;-8049.543,16767.020;-7995.718,16792.872;-7941.808,16818.557;-7887.940,16843.940;-7833.890,16869.200;-7779.698,16894.320;-7725.562,16919.236;-7671.208,16944.083;-7616.917,16968.620;-7562.443,16993.033;-7507.932,17017.323;-7453.395,17041.280;-7398.653,17065.224;-7343.917,17088.924;-7289.126,17112.508;-7234.308,17135.759;-7179.281,17158.999;-7124.264,17181.993;-7069.082,17204.855;-7013.948,17227.416;-6958.639,17249.949;-6903.340,17272.238;-6847.876,17294.395;-6792.474,17316.344;-6736.925,17338.056;-6681.288,17359.661;-6625.540,17381.113;-6569.857,17402.355;-6514.026,17423.362;-6458.106,17444.261;-6402.173,17464.927;-6346.182,17485.474;-6290.067,17505.776;-6233.963,17525.888;-6177.720,17545.860;-6121.449,17565.699;-6065.064,17585.388;-6008.736,17604.774;-5952.210,17624.040;-5895.740,17643.003;-5839.086,17661.935;-5782.449,17680.626;-5725.753,17699.195;-5668.945,17717.613;-5612.194,17735.731;-5555.243,17753.726;-5498.352,17771.421;-5441.275,17789.080;-5384.226,17806.591;-5327.151,17823.783;-5269.962,17840.869;-5212.759,17857.726;-5155.499,17874.459;-5040.724,17907.352;-4983.396,17923.408;-4925.926,17939.365;-4868.338,17955.173;-4810.814,17970.682;-4753.100,17986.152;-4695.402,18001.388;-4637.753,18016.417;-4579.953,18031.308;-4522.115,18045.979;-4464.206,18060.439;-4406.346,18074.691;-4348.333,18088.806;-4290.298,18102.785;-4232.248,18116.540;-4174.232,18130.002;-4116.022,18143.425;-4057.831,18156.615;-3999.584,18169.676;-3941.429,18182.434;-3883.061,18195.068;-3766.287,18219.778;-3707.974,18231.749;-3649.410,18243.688;-3590.973,18255.318;-3532.337,18266.905;-3473.829,18278.183;-3415.216,18289.256;-3356.546,18300.199;-3297.860,18310.920;-3239.120,18321.511;-3180.363,18331.880;-3121.663,18342.039;-3062.797,18352.061;-3004.009,18361.789;-2945.019,18371.467;-2886.178,18380.921;-2827.279,18390.161;-2768.311,18399.190;-2709.290,18408.085;-2650.250,18416.761;-2591.251,18425.148;-2532.048,18433.485;-2472.996,18441.598;-2413.886,18449.497;-2354.724,18457.263;-2295.543,18464.810;-2236.402,18472.071;-2177.059,18479.277;-2117.866,18486.262;-2058.615,18493.033;-1999.293,18499.592;-1940.031,18505.942;-1880.616,18512.229;-1821.335,18518.220;-1761.941,18524.004;-1702.497,18529.652;-1643.166,18535.084;-1583.658,18540.378;-1524.257,18545.457;-1464.793,18550.324;-1345.763,18559.501;-1286.342,18563.801;-1226.807,18567.892;-1167.336,18571.772;-1107.685,18575.513;-1048.144,18579.040;-988.559,18582.429;-929.068,18585.529;-869.482,18588.494;-809.875,18591.246;-750.219,18593.857;-690.679,18596.255;-631.072,18598.443;-620.000,18598.823;-620.000,15756.770;-642.601,15755.838;-697.576,15753.430;-752.549,15750.880;-807.628,15748.041;-862.601,15745.066;-917.677,15741.802;-972.533,15738.475;-1027.538,15734.856;-1082.442,15731.101;-1192.248,15723.025;-1247.239,15718.621;-1302.188,15714.013;-1356.974,15709.341;-1411.907,15704.374;-1466.624,15699.348;-1521.604,15693.951;-1576.319,15688.500;-1631.066,15682.827;-1685.872,15676.942;-1740.619,15670.844;-1795.310,15664.611;-1849.986,15658.157;-1904.721,15651.493;-1959.397,15644.614;-2013.901,15637.678;-2068.666,15630.363;-2123.170,15623.001;-2177.705,15615.413;-2232.297,15607.614;-2286.718,15599.678;-2341.226,15591.445;-2395.632,15583.087;-2450.039,15574.585;-2504.431,15565.863;-2558.868,15556.851;-2613.091,15547.790;-2667.343,15538.500;-2721.649,15529.000;-2775.901,15519.285;-2830.083,15509.356;-2884.205,15499.298;-2938.327,15489.096;-2992.438,15478.672;-3046.478,15468.034;-3100.447,15457.183;-3154.357,15446.203;-3208.376,15435.003;-3262.225,15423.581;-3316.114,15412.039;-3369.891,15400.262;-3423.697,15388.282;-3477.346,15376.163;-3531.080,15363.828;-3584.657,15351.355;-3638.310,15338.581;-3691.757,15325.769;-3745.338,15312.640;-3798.822,15299.393;-3852.188,15285.999;-3905.626,15272.303;-3958.861,15258.569;-4065.323,15230.360;-4118.608,15215.867;-4171.631,15201.355;-4224.680,15186.604;-4277.772,15171.647;-4330.716,15156.551;-4383.622,15141.233;-4436.467,15125.790;-4489.303,15110.117;-4542.067,15094.232;-4594.761,15078.132;-4647.290,15061.992;-4699.945,15045.528;-4752.394,15028.944;-4804.916,15012.146;-4857.295,14995.206;-4909.634,14978.044;-4961.911,14960.760;-5014.180,14943.243;-5066.276,14925.594;-5118.432,14907.641;-5170.395,14889.660;-5222.381,14871.433;-5274.294,14852.994;-5326.137,14834.342;-5377.917,14815.571;-5429.590,14796.646;-5481.318,14777.417;-5532.859,14758.160;-5584.417,14738.658;-5635.806,14719.024;-5687.252,14699.085;-5738.508,14679.121;-5789.774,14658.814;-5840.916,14638.413;-5891.952,14617.857;-5942.953,14597.174;-5993.944,14576.253;-6095.556,14533.880;-6146.421,14512.285;-6196.946,14490.773;-6247.599,14468.822;-6298.007,14446.875;-6348.440,14424.775;-6398.855,14402.337;-6449.050,14379.894;-6499.261,14357.201;-6549.401,14334.294;-6599.469,14311.176;-6649.374,14287.924;-6699.145,14264.632;-6749.024,14241.005;-6798.715,14217.259;-6848.266,14193.369;-6897.860,14169.176;-6947.185,14145.044;-6996.637,14120.568;-7045.905,14095.969;-7095.122,14071.148;-7144.177,14046.196;-7193.191,14021.122;-7242.185,13995.703;-7290.966,13970.285;-7339.669,13944.694;-7388.317,13918.881;-7436.906,13892.958;-7485.474,13866.686;-7533.742,13840.500;-7582.125,13813.967;-7630.331,13787.313;-7678.395,13760.516;-7726.406,13733.497;-7774.355,13706.371;-7822.198,13678.973;-7869.847,13651.573;-7917.502,13623.916;-7965.087,13596.045;-8012.513,13568.045;-8059.800,13539.899;-8107.039,13511.641;-8154.258,13483.025;-8201.185,13454.502;-8248.217,13425.631;-8294.992,13396.716;-8341.810,13367.490;-8388.372,13338.221;-8434.903,13308.830;-8481.412,13279.078;-8527.717,13249.341;-8573.929,13219.316;-8620.034,13189.216;-8666.044,13158.944;-8711.913,13128.530;-8757.734,13098.007;-8803.450,13067.200;-8849.058,13036.322;-8894.561,13005.159;-8939.875,12974.006;-8985.106,12942.670;-9030.277,12911.115;-9075.377,12879.346;-9120.244,12847.522;-9165.060,12815.470;-9209.725,12783.284;-9254.340,12750.991;-9298.850,12718.408;-9343.173,12685.838;-9387.412,12653.085;-9431.589,12620.111;-9475.615,12587.003;-9519.500,12553.753;-9563.322,12520.285;-9606.917,12486.757;-9650.469,12453.119;-9693.992,12419.111;-9737.246,12385.200;-9780.486,12350.908;-9823.534,12316.639;-9866.498,12282.184;-9909.320,12247.586;-9952.077,12212.771;-9994.610,12177.893;-10037.084,12142.795;-10079.409,12107.560;-10121.684,12072.225;-10163.778,12036.662;-10205.769,12001.044;-10247.579,11965.198;-10289.287,11929.297;-10330.904,11893.210;-10372.379,11856.981;-10413.786,11820.538;-10454.975,11784.028;-10496.100,11747.300;-10537.005,11710.508;-10577.862,11673.615;-10618.611,11636.417;-10659.182,11599.245;-10699.575,11561.833;-10739.865,11524.376;-10780.136,11486.657;-10820.192,11448.872;-10860.090,11410.820;-10899.811,11372.798;-10939.516,11334.512;-10979.023,11296.278;-11018.424,11257.731
短控制列表:
0,0,0,0,0,0,0,0,0,0,0,0,0,0,0,0,0,0,0,0,0,0,0,0,0,0,0,0,0,0,0,0,0,0,0,0,0,0,0,0,0,0,0,0,0,0,0,0,0,0,0,0,0,0,0,0,0,0,0,0,0,0,0,0,0,0,0,0,0,0,0,0,0,0,0,0,0,0,0,0,0,0,0,0,0,0,0,0,0,0,0,0,0,0,0,0,0,0,0,0,0,0,0,0,0,0,0,0,0,0,0,0,0,0,0,0,0,0,0,0,0,0,0,0,0,0,0,0,0,0,0,0,0,0,0,0,0,0,0,0,0,0,0,0,0,0,0,0,0,0,0,0,0,0,0,0,0,0,0,0,0,0,0,0,0,0,0,0,0,0,0,0,0,0,0,0,0,0,0,0,0,0,0,0,0,0,0,0,0,0,0,0,0,0,0,0,0,0,0,0,0,0,0,0,0,0,0,0,10,10,0,0,0,0,0,0,0,0,0,0,0,0,0,0,0,0,0,0,0,0,0,0,0,0,0,0,0,0,0,0,0,0,0,0,0,0,0,0,0,0,0,0,0,0,0,0,0,0,0,0,0,0,0,0,0,0,0,0,0,0,0,0,0,0,0,0,0,0,0,0,0,0,0,0,0,0,0,0,0,0,0,0,0,0,0,0,0,0,0,0,0,0,0,0,0,0,0,0,0,0,0,0,0,0,0,0,0,0,0,0,0,0,0,0,0,0,0,0,0,0,0,0,0,0,0,0,0,0,0,0,0,0,0,0,0,0,0,0,0,0,0,0,0,0,0,0,0,0,0,0,0,0,0,0,0,0,0,0,0,0,0,0,0,0,0,0,0,0,0,0,0,0,0,0,0,0,0,0,0,0,0,0,0,0,0,0,0,0,0,0,0,0,0,0,0,0,0,0,0,0,0,0,0,0,0,0,0,0,0,0,0,0,0,0,0,0,0,0,0,0,0,0,0,0,0,0,0,0,0,0,10,10
短控制列表2:
0,0,0,0,0,0,0,0,0,0,0,0,0,0,0,0,0,0,0,0,0,0,0,0,0,0,0,0,0,0,0,0,0,0,0,0,0,0,0,0,0,0,0,0,0,0,0,0,0,0,0,0,0,0,0,0,0,0,0,0,0,0,0,0,0,0,0,0,0,0,0,0,0,0,0,0,0,0,0,0,0,0,0,0,0,0,0,0,0,0,0,0,0,0,0,0,0,0,0,0,0,0,0,0,0,0,0,0,0,0,0,0,0,0,0,0,0,0,0,0,0,0,0,0,0,0,0,0,0,0,0,0,0,0,0,0,0,0,0,0,0,0,0,0,0,0,0,0,0,0,0,0,0,0,0,0,0,0,0,0,0,0,0,0,0,0,0,0,0,0,0,0,0,0,0,0,0,0,0,0,0,0,0,0,0,0,0,0,0,0,0,0,0,0,0,0,0,0,0,0,0,0,0,0,0,0,0,0,45,45,0,0,0,0,0,0,0,0,0,0,0,0,0,0,0,0,0,0,0,0,0,0,0,0,0,0,0,0,0,0,0,0,0,0,0,0,0,0,0,0,0,0,0,0,0,0,0,0,0,0,0,0,0,0,0,0,0,0,0,0,0,0,0,0,0,0,0,0,0,0,0,0,0,0,0,0,0,0,0,0,0,0,0,0,0,0,0,0,0,0,0,0,0,0,0,0,0,0,0,0,0,0,0,0,0,0,0,0,0,0,0,0,0,0,0,0,0,0,0,0,0,0,0,0,0,0,0,0,0,0,0,0,0,0,0,0,0,0,0,0,0,0,0,0,0,0,0,0,0,0,0,0,0,0,0,0,0,0,0,0,0,0,0,0,0,0,0,0,0,0,0,0,0,0,0,0,0,0,0,0,0,0,0,0,0,0,0,0,0,0,0,0,0,0,0,0,0,0,0,0,0,0,0,0,0,0,0,0,0,0,0,0,0,0,0,0,0,0,0,0,0,0,0,0,0,0,0,0,0,0,45,45
短控制列表3:
0,0,0,0,0,0,0,0,0,0,0,0,0,0,0,0,0,0,0,0,0,0,0,0,0,0,0,0,0,0,0,0,0,0,0,0,0,0,0,0,0,0,0,0,0,0,0,0,0,0,0,0,0,0,0,0,0,0,0,0,0,0,0,0,0,0,0,0,0,0,0,0,0,0,0,0,0,0,0,0,0,0,0,0,0,0,0,0,0,0,0,0,0,0,0,0,0,0,0,0,0,0,0,0,0,0,0,0,0,0,0,0,0,0,0,0,0,0,0,0,0,0,0,0,0,0,0,0,0,0,0,0,0,0,0,0,0,0,0,0,0,0,0,0,0,0,0,0,0,0,0,0,0,0,0,0,0,0,0,0,0,0,0,0,0,0,0,0,0,0,0,0,0,0,0,0,0,0,0,0,0,0,0,0,0,0,0,0,0,0,0,0,0,0,0,0,0,0,0,0,0,0,0,0,0,0,0,0,10,10,0,0,0,0,0,0,0,0,0,0,0,0,0,0,0,0,0,0,0,0,0,0,0,0,0,0,0,0,0,0,0,0,0,0,0,0,0,0,0,0,0,0,0,0,0,0,0,0,0,0,0,0,0,0,0,0,0,0,0,0,0,0,0,0,0,0,0,0,0,0,0,0,0,0,0,0,0,0,0,0,0,0,0,0,0,0,0,0,0,0,0,0,0,0,0,0,0,0,0,0,0,0,0,0,0,0,0,0,0,0,0,0,0,0,0,0,0,0,0,0,0,0,0,0,0,0,0,0,0,0,0,0,0,0,0,0,0,0,0,0,0,0,0,0,0,0,0,0,0,0,0,0,0,0,0,0,0,0,0,0,0,0,0,0,0,0,0,0,0,0,0,0,0,0,0,0,0,0,0,0,0,0,0,0,0,0,0,0,0,0,0,0,0,0,0,0,0,0,0,0,0,0,0,0,0,0,0,0,0,0,0,0,0,0,0,0,0,0,0,0,0,0,0,0,0,0,0,0,0,0,10,10
短控制列表4:
0,0,0,0,0,0,0,0,0,0,0,0,0,0,0,0,0,0,0,0,0,0,0,0,0,0,0,0,0,0,0,0,0,0,0,0,0,0,0,0,0,0,0,0,0,0,0,0,0,0,0,0,0,0,0,0,0,0,0,0,0,0,0,0,0,0,0,0,0,0,0,0,0,0,0,0,0,0,0,0,0,0,0,0,0,0,0,0,0,0,0,0,0,0,0,0,0,0,0,0,0,0,0,0,0,0,0,0,0,0,0,0,0,0,0,0,0,0,0,0,0,0,0,0,0,0,0,0,0,0,0,0,0,0,0,0,0,0,0,0,0,0,0,0,0,0,0,0,0,0,0,0,0,0,0,0,0,0,0,0,0,0,0,0,0,0,0,0,0,0,0,0,0,0,0,0,0,0,0,0,0,0,0,0,0,0,0,0,0,0,0,0,0,0,0,0,0,0,0,0,0,0,0,0,0,0,0,0,65,65,0,0,0,0,0,0,0,0,0,0,0,0,0,0,0,0,0,0,0,0,0,0,0,0,0,0,0,0,0,0,0,0,0,0,0,0,0,0,0,0,0,0,0,0,0,0,0,0,0,0,0,0,0,0,0,0,0,0,0,0,0,0,0,0,0,0,0,0,0,0,0,0,0,0,0,0,0,0,0,0,0,0,0,0,0,0,0,0,0,0,0,0,0,0,0,0,0,0,0,0,0,0,0,0,0,0,0,0,0,0,0,0,0,0,0,0,0,0,0,0,0,0,0,0,0,0,0,0,0,0,0,0,0,0,0,0,0,0,0,0,0,0,0,0,0,0,0,0,0,0,0,0,0,0,0,0,0,0,0,0,0,0,0,0,0,0,0,0,0,0,0,0,0,0,0,0,0,0,0,0,0,0,0,0,0,0,0,0,0,0,0,0,0,0,0,0,0,0,0,0,0,0,0,0,0,0,0,0,0,0,0,0,0,0,0,0,0,0,0,0,0,0,0,0,0,0,0,0,0,0,65,65
加长控制列表:
0,0,0,0,0,0,0,0,0,0,0,0,0,0,0,0,0,0,0,0,0,0,0,0,0,0,0,0,0,0,0,0,0,0,0,0,0,0,0,0,0,0,0,0,0,0,0,0,0,0,0,0,0,0,0,0,0,0,0,0,0,0,0,0,0,0,0,0,0,0,0,0,0,0,0,0,0,0,0,0,0,0,0,0,0,0,0,0,0,0,0,0,0,0,0,0,0,0,0,0,0,0,0,0,0,0,0,0,0,0,0,0,0,0,0,0,0,0,0,0,0,0,0,0,0,0,0,0,0,0,0,0,0,0,0,0,0,0,0,0,0,0,0,0,0,0,0,0,0,0,0,0,0,0,0,0,0,0,0,0,0,0,0,0,0,0,0,0,0,0,0,0,0,0,0,0,0,0,0,0,0,0,0,0,0,0,0,0,0,0,0,0,0,0,0,0,0,0,0,0,0,0,0,0,0,0,0,0,0,0,0,0,0,0,0,0,0,0,0,0,0,0,0,0,0,0,0,0,0,0,0,0,0,0,0,0,0,0,0,0,0,0,0,0,0,0,0,0,0,0,0,0,0,0,0,0,0,0,0,0,0,0,0,0,0,0,0,0,0,0,0,0,0,0,0,0,0,0,0,0,0,0,0,0,0,0,0,0,0,0,0,0,0,0,0,0,0,0,0,0,0,0,0,0,0,0,0,0,0,0,0,0,0,0,0,0,0,0,0,0,0,0,0,0,0,0,0,0,0,0,0,0,0,0,0,0,0,0,0,0,0,0,0,0,0,0,0,0,0,0,0,0,0,0,0,0,0,0,0,0,0,0,0,0,0,0,0,0,0,0,0,0,0,0,0,0,0,0,0,0,0,0,0,0,0,0,0,0,0,0,0,0,0,0,0,0,0,0,0,0,0,0,0,0,0,0,0,0,0,0,0,0,0,0,0,0,0,0,0,0,0,0,0,0,0,0,0,0,0,0,0,0,0,0,0,0,0,0,0,0,0,0,0,0,0,0,0,0,0,0,0,0,0,0,0,0,0,0,0,0,0,0,0,0,0,0,0,0,0,0,0,0,0,0,0,0,0,0,0,0,0,0,0,0,0,0,0,0,0,0,0,0,0,0,0,0,0,0,0,0,0,0,0,0,0,0,0,0,0,0,0,0,0,0,0,0,0,0,0,0,0,0,0,0,0,0,0,0,0,0,0,0,0,0,0,0,0,0,0,0,0,0,0,0,0,0,0,0,0,0,0,0,0,0,0,0,0,0,0,0,0,0,0,0,0,0,0,0,0,0,0,0,0,0,0,0,0,0,0,0,0,0,0,0,0,0,0,0,0,0,0,0,0,0,0,0,0,0,0,0,0,0,0,0,0,0,0,0,0,0,0,0,0,0,0,0,0,0,0,0,0,0,0,0,0,0,0,0,0,0,0,0,0,0,0,0,0,0,0,0,0,0,0,0,0,0,0,0,0,0,65,65,0,0,0,0,0,0,0,0,0,0,0,0,0,0,0,0,0,0,0,0,0,0,0,0,0,0,0,0,0,0,0,0,0,0,0,0,0,0,0,0,0,0,0,0,0,0,0,0,0,0,0,0,0,0,0,0,0,0,0,0,0,0,0,0,0,0,0,0,0,0,0,0,0,0,0,0,0,0,0,0,0,0,0,0,0,0,0,0,0,0,0,0,0,0,0,0,0,0,0,0,0,0,0,0,0,0,0,0,0,0,0,0,0,0,0,0,0,0,0,0,0,0,0,0,0,0,0,0,0,0,0,0,0,0,0,0,0,0,0,0,0,0,0,0,0,0,0,0,0,0,0,0,0,0,0,0,0,0,0,0,0,0,0,0,0,0,0,0,0,0,0,0,0,0,0,0,0,0,0,0,0,0,0,0,0,0,0,0,0,0,0,0,0,0,0,0,0,0,0,0,0,0,0,0,0,0,0,0,0,0,0,0,0,0,0,0,0,0,0,0,0,0,0,0,0,0,0,0,0,0,65,65
