顶点列表:
-13250.673,13438.307;-15265.964,15453.598;-15233.056,15486.100;-15187.040,15531.268;-15140.910,15576.409;-15094.657,15621.251;-15048.244,15666.109;-15001.709,15710.671;-14955.014,15755.246;-14908.223,15799.637;-14861.264,15843.775;-14814.146,15887.927;-14766.930,15931.895;-14719.647,15975.649;-14672.173,16019.450;-14624.653,16062.881;-14576.871,16106.287;-14529.047,16149.589;-14481.102,16192.598;-14432.994,16235.620;-14384.766,16278.347;-14336.376,16321.085;-14287.890,16363.643;-14239.338,16405.984;-14190.566,16448.262;-14141.731,16490.323;-14092.752,16532.244;-14043.581,16574.208;-13994.443,16615.732;-13945.060,16657.343;-13895.563,16698.661;-13845.975,16739.914;-13796.291,16780.988;-13746.441,16821.813;-13696.426,16862.645;-13646.317,16903.296;-13596.164,16943.841;-13545.892,16984.101;-13495.430,17024.258;-13444.849,17064.384;-13394.153,17104.221;-13343.366,17143.988;-13292.459,17183.473;-13241.383,17222.964;-13190.216,17262.273;-13138.983,17301.368;-13087.604,17340.325;-13036.082,17379.143;-12984.442,17417.926;-12932.765,17456.349;-12880.913,17494.778;-12828.947,17532.924;-12776.890,17570.995;-12724.734,17608.895;-12672.436,17646.653;-12619.997,17684.271;-12567.496,17721.670;-12514.846,17758.934;-12462.154,17796.087;-12409.262,17833.041;-12356.288,17869.911;-12303.272,17906.429;-12250.077,17942.951;-12196.792,17979.299;-12143.364,18015.505;-12089.876,18051.492;-12036.257,18087.451;-11982.608,18123.052;-11928.777,18158.656;-11874.835,18193.983;-11820.803,18229.227;-11766.669,18264.304;-11712.476,18299.162;-11658.130,18333.887;-11603.664,18368.574;-11549.169,18402.906;-11494.490,18437.238;-11439.783,18471.218;-11384.893,18505.197;-11329.911,18539.005;-11274.872,18572.593;-11219.763,18605.969;-11164.518,18639.314;-11109.165,18672.384;-11053.721,18705.367;-10998.175,18738.186;-10942.572,18770.787;-10886.814,18803.253;-10830.999,18835.499;-10775.029,18867.614;-10719.021,18899.608;-10662.995,18931.360;-10606.710,18962.959;-10550.434,18994.379;-10493.974,19025.824;-10437.591,19056.834;-10380.986,19087.748;-10324.257,19118.621;-10267.526,19149.244;-10210.723,19179.656;-10153.764,19209.935;-10096.751,19239.993;-10039.598,19270.018;-9982.425,19299.698;-9925.061,19329.368;-9867.695,19358.792;-9810.170,19388.083;-9752.681,19417.074;-9694.945,19446.119;-9637.314,19474.829;-9579.507,19503.415;-9521.559,19531.859;-9463.647,19560.004;-9405.469,19588.103;-9347.363,19615.991;-9289.133,19643.730;-9230.849,19671.249;-9172.407,19698.634;-9113.911,19725.801;-9055.365,19752.849;-8996.709,19779.741;-8938.004,19806.412;-8879.227,19832.873;-8820.398,19859.215;-8761.442,19885.307;-8702.401,19911.297;-8643.251,19937.131;-8584.052,19962.744;-8524.800,19988.238;-8465.529,20013.499;-8406.096,20038.627;-8346.615,20063.533;-8287.061,20088.229;-8227.364,20112.885;-8167.763,20137.219;-8107.977,20161.430;-8048.049,20185.500;-7988.185,20209.361;-7928.186,20233.078;-7868.141,20256.573;-7808.024,20279.858;-7747.837,20302.930;-7687.503,20325.962;-7627.174,20348.752;-7566.794,20371.421;-7506.377,20393.769;-7445.760,20416.094;-7385.244,20438.099;-7324.539,20459.981;-7263.805,20481.732;-7203.054,20503.253;-7142.136,20524.641;-7081.268,20545.729;-7020.227,20566.783;-6959.193,20587.597;-6898.088,20608.201;-6836.932,20628.680;-6775.757,20648.930;-6714.415,20669.048;-6653.125,20688.866;-6591.659,20708.648;-6530.202,20728.193;-6468.674,20747.527;-6407.095,20766.735;-6345.496,20785.715;-6283.828,20804.483;-6222.107,20823.127;-6160.251,20841.535;-6098.435,20859.832;-6036.507,20877.888;-5974.504,20895.826;-5912.582,20913.456;-5850.460,20930.964;-5788.316,20948.336;-5726.154,20965.481;-5663.938,20982.501;-5601.686,20999.208;-5539.349,21015.888;-5477.026,21032.244;-5414.600,21048.486;-5352.053,21064.581;-5289.569,21080.378;-5227.001,21096.055;-5164.434,21111.591;-5101.828,21126.819;-5039.017,21142.010;-4976.322,21156.890;-4913.543,21171.649;-4850.744,21186.184;-4787.875,21200.507;-4724.853,21214.779;-4661.945,21228.742;-4598.955,21242.583;-4535.945,21256.202;-4472.864,21269.608;-4409.733,21282.883;-4346.581,21295.937;-4283.379,21308.860;-4220.157,21321.561;-4156.968,21333.972;-4093.592,21346.336;-4030.228,21358.472;-3966.899,21370.320;-3903.381,21382.119;-3840.001,21393.694;-3776.568,21405.053;-3712.957,21416.279;-3649.437,21427.289;-3585.861,21438.085;-3522.322,21448.592;-3458.591,21459.049;-3394.895,21469.359;-3331.284,21479.373;-3267.461,21489.256;-3203.731,21498.926;-3139.943,21508.380;-3076.106,21517.702;-3012.249,21526.803;-2948.448,21535.696;-2884.482,21544.450;-2820.612,21552.990;-2756.683,21561.316;-2692.683,21569.431;-2628.635,21577.410;-2564.586,21585.248;-2500.625,21592.793;-2436.468,21600.283;-2372.434,21607.476;-2308.403,21614.386;-2244.175,21621.240;-2179.985,21627.949;-2115.883,21634.365;-2051.670,21640.575;-1987.433,21646.723;-1923.308,21652.500;-1858.937,21658.224;-1794.717,21663.728;-1730.434,21669.020;-1666.214,21674.101;-1601.820,21679.043;-1537.530,21683.772;-1473.199,21688.361;-1408.957,21692.662;-1344.490,21696.828;-1280.130,21700.780;-1215.730,21704.593;-1151.416,21708.119;-1086.903,21711.581;-1022.519,21714.754;-958.160,21717.718;-893.647,21720.615;-829.262,21723.224;-764.791,21725.695;-740.000,21726.537;-740.000,18874.531;-750.764,18874.113;-811.008,18871.561;-871.299,18868.725;-931.497,18865.750;-991.696,18862.635;-1051.872,18859.303;-1111.978,18855.760;-1172.171,18852.077;-1232.326,18848.105;-1292.517,18843.998;-1352.580,18839.748;-1412.730,18835.210;-1472.786,18830.535;-1532.843,18825.719;-1592.992,18820.613;-1653.028,18815.297;-1713.014,18809.844;-1772.998,18804.249;-1833.076,18798.362;-1892.949,18792.417;-1952.956,18786.176;-2012.870,18779.803;-2072.877,18773.135;-2132.680,18766.412;-2192.615,18759.390;-2252.459,18752.237;-2312.284,18744.866;-2372.056,18737.359;-2431.921,18729.558;-2491.564,18721.624;-2551.324,18713.552;-2611.060,18705.181;-2670.690,18696.683;-2730.430,18687.967;-2790.004,18679.112;-2849.546,18670.040;-2909.144,18660.756;-2968.686,18651.259;-3028.175,18641.627;-3087.646,18631.774;-3147.063,18621.789;-3206.464,18611.582;-3265.920,18601.165;-3325.194,18590.530;-3384.525,18579.769;-3443.747,18568.859;-3503.042,18557.653;-3562.231,18546.240;-3621.364,18534.698;-3680.499,18523.012;-3739.616,18511.104;-3798.663,18498.983;-3857.655,18486.731;-3916.630,18474.256;-3975.641,18461.489;-4034.456,18448.680;-4093.291,18435.637;-4152.176,18422.386;-4210.905,18408.997;-4269.598,18395.387;-4328.340,18381.570;-4386.928,18367.614;-4445.584,18353.358;-4504.046,18339.061;-4562.526,18324.531;-4621.039,18309.707;-4679.360,18294.844;-4737.803,18279.667;-4796.053,18264.449;-4854.321,18248.996;-4912.517,18233.331;-4970.746,18217.374;-5028.784,18201.377;-5086.854,18185.231;-5144.894,18168.771;-5202.824,18152.199;-5260.736,18135.400;-5318.594,18118.475;-5376.320,18101.313;-5434.066,18083.955;-5491.681,18066.543;-5549.412,18048.812;-5606.941,18030.959;-5664.529,18012.803;-5721.931,17994.613;-5779.349,17976.183;-5836.696,17957.540;-5893.871,17938.765;-5951.119,17919.777;-6008.225,17900.647;-6065.386,17881.217;-6122.365,17861.751;-6179.357,17842.046;-6236.278,17822.127;-6293.142,17802.087;-6349.880,17781.803;-6406.533,17761.408;-6463.268,17740.700;-6519.725,17720.042;-6576.318,17699.050;-6632.813,17677.856;-6689.142,17656.529;-6745.438,17635.073;-6801.708,17613.290;-6857.863,17591.408;-6913.908,17569.373;-6970.017,17547.128;-7025.897,17524.819;-7081.850,17502.197;-7137.708,17479.372;-7193.399,17456.415;-7249.059,17433.330;-7304.703,17410.010;-7360.183,17386.556;-7415.615,17362.881;-7470.991,17339.088;-7526.244,17315.043;-7581.500,17290.816;-7636.626,17266.443;-7691.625,17242.022;-7746.710,17217.178;-7801.568,17192.332;-7856.340,17167.321;-7911.155,17142.005;-7965.800,17116.664;-8020.346,17091.059;-8074.891,17065.274;-8129.310,17039.340;-8183.587,17013.265;-8237.829,16987.065;-8292.041,16960.527;-8346.140,16933.903;-8400.134,16907.118;-8453.987,16880.192;-8507.877,16852.964;-8561.588,16825.613;-8615.173,16798.219;-8668.761,16770.573;-8722.278,16742.717;-8775.636,16714.727;-8828.940,16686.517;-8882.100,16658.273;-8935.247,16629.678;-8988.283,16600.999;-9041.215,16572.161;-9094.007,16543.178;-9146.744,16513.975;-9199.425,16484.660;-9251.988,16455.082;-9304.456,16425.413;-9356.823,16395.581;-9409.135,16365.526;-9461.289,16335.339;-9513.301,16305.011;-9565.273,16274.565;-9617.214,16243.769;-9668.959,16212.977;-9720.702,16181.932;-9772.290,16150.752;-9823.737,16119.431;-9875.125,16087.890;-9926.444,16056.135;-9977.539,16024.431;-10028.727,15992.385;-10079.650,15960.186;-10130.487,15927.900;-10181.308,15895.366;-10231.976,15862.698;-10282.517,15829.995;-10333.038,15796.930;-10383.368,15763.872;-10433.677,15730.452;-10483.712,15697.118;-10533.834,15663.444;-10583.712,15629.721;-10633.541,15595.769;-10683.297,15561.607;-10732.839,15527.493;-10782.366,15493.010;-10831.786,15458.458;-10881.010,15423.704;-10930.146,15388.870;-10979.264,15353.785;-11028.152,15318.643;-11076.988,15283.275;-11125.672,15247.772;-11174.311,15212.160;-11222.836,15176.263;-11271.166,15140.264;-11319.373,15104.232;-11367.569,15067.944;-11415.616,15031.520;-11463.503,14994.843;-11511.293,14958.098;-11558.926,14921.364;-11606.536,14884.256;-11653.945,14847.051;-11701.290,14809.630;-11748.429,14772.259;-11795.542,14734.512;-11842.474,14696.782;-11889.317,14658.869;-11936.094,14620.738;-11982.648,14582.546;-12029.142,14544.132;-12075.489,14505.581;-12121.693,14466.888;-12167.832,14427.979;-12213.769,14389.120;-12259.675,14349.885;-12305.405,14310.668;-12351.022,14271.152;-12396.468,14231.652;-12441.823,14191.967;-12487.037,14152.141;-12532.182,14112.098;-12577.109,14071.990;-12621.971,14031.664;-12666.687,13991.200;-12711.189,13950.666;-12755.647,13910.031;-12799.988,13869.096;-12844.160,13828.180;-12888.289,13786.890;-12932.177,13745.692;-12975.973,13704.306;-13019.628,13662.778;-13063.212,13621.036;-13106.582,13579.226;-13149.883,13537.201;-13192.969,13495.107;-13235.986,13452.800
短控制列表:
0,0,0,0,0,0,0,0,0,0,0,0,0,0,0,0,0,0,0,0,0,0,0,0,0,0,0,0,0,0,0,0,0,0,0,0,0,0,0,0,0,0,0,0,0,0,0,0,0,0,0,0,0,0,0,0,0,0,0,0,0,0,0,0,0,0,0,0,0,0,0,0,0,0,0,0,0,0,0,0,0,0,0,0,0,0,0,0,0,0,0,0,0,0,0,0,0,0,0,0,0,0,0,0,0,0,0,0,0,0,0,0,0,0,0,0,0,0,0,0,0,0,0,0,0,0,0,0,0,0,0,0,0,0,0,0,0,0,0,0,0,0,0,0,0,0,0,0,0,0,0,0,0,0,0,0,0,0,0,0,0,0,0,0,0,0,0,0,0,0,0,0,0,0,0,0,0,0,0,0,0,0,0,0,0,0,0,0,0,0,0,0,0,0,0,0,0,0,0,0,0,0,0,0,0,0,0,0,0,0,0,0,0,0,0,0,0,0,0,0,0,0,0,0,0,0,0,0,0,0,0,0,10,10,0,0,0,0,0,0,0,0,0,0,0,0,0,0,0,0,0,0,0,0,0,0,0,0,0,0,0,0,0,0,0,0,0,0,0,0,0,0,0,0,0,0,0,0,0,0,0,0,0,0,0,0,0,0,0,0,0,0,0,0,0,0,0,0,0,0,0,0,0,0,0,0,0,0,0,0,0,0,0,0,0,0,0,0,0,0,0,0,0,0,0,0,0,0,0,0,0,0,0,0,0,0,0,0,0,0,0,0,0,0,0,0,0,0,0,0,0,0,0,0,0,0,0,0,0,0,0,0,0,0,0,0,0,0,0,0,0,0,0,0,0,0,0,0,0,0,0,0,0,0,0,0,0,0,0,0,0,0,0,0,0,0,0,0,0,0,0,0,0,0,0,0,0,0,0,0,0,0,0,0,0,0,0,0,0,0,0,0,0,0,0,0,0,0,0,0,0,0,0,0,0,0,0,0,0,0,0,0,0,0,0,0,0,0,0,0,0,0,0,0,0,0,0,0,0,0,0,0,0,0,0,0,0,0,0,0,0,0,0,0,0,0,0,0,0,0,0,0,0,0,0,10,10
短控制列表2:
0,0,0,0,0,0,0,0,0,0,0,0,0,0,0,0,0,0,0,0,0,0,0,0,0,0,0,0,0,0,0,0,0,0,0,0,0,0,0,0,0,0,0,0,0,0,0,0,0,0,0,0,0,0,0,0,0,0,0,0,0,0,0,0,0,0,0,0,0,0,0,0,0,0,0,0,0,0,0,0,0,0,0,0,0,0,0,0,0,0,0,0,0,0,0,0,0,0,0,0,0,0,0,0,0,0,0,0,0,0,0,0,0,0,0,0,0,0,0,0,0,0,0,0,0,0,0,0,0,0,0,0,0,0,0,0,0,0,0,0,0,0,0,0,0,0,0,0,0,0,0,0,0,0,0,0,0,0,0,0,0,0,0,0,0,0,0,0,0,0,0,0,0,0,0,0,0,0,0,0,0,0,0,0,0,0,0,0,0,0,0,0,0,0,0,0,0,0,0,0,0,0,0,0,0,0,0,0,0,0,0,0,0,0,0,0,0,0,0,0,0,0,0,0,0,0,0,0,0,0,0,0,45,45,0,0,0,0,0,0,0,0,0,0,0,0,0,0,0,0,0,0,0,0,0,0,0,0,0,0,0,0,0,0,0,0,0,0,0,0,0,0,0,0,0,0,0,0,0,0,0,0,0,0,0,0,0,0,0,0,0,0,0,0,0,0,0,0,0,0,0,0,0,0,0,0,0,0,0,0,0,0,0,0,0,0,0,0,0,0,0,0,0,0,0,0,0,0,0,0,0,0,0,0,0,0,0,0,0,0,0,0,0,0,0,0,0,0,0,0,0,0,0,0,0,0,0,0,0,0,0,0,0,0,0,0,0,0,0,0,0,0,0,0,0,0,0,0,0,0,0,0,0,0,0,0,0,0,0,0,0,0,0,0,0,0,0,0,0,0,0,0,0,0,0,0,0,0,0,0,0,0,0,0,0,0,0,0,0,0,0,0,0,0,0,0,0,0,0,0,0,0,0,0,0,0,0,0,0,0,0,0,0,0,0,0,0,0,0,0,0,0,0,0,0,0,0,0,0,0,0,0,0,0,0,0,0,0,0,0,0,0,0,0,0,0,0,0,0,0,0,0,0,0,0,45,45
短控制列表3:
0,0,0,0,0,0,0,0,0,0,0,0,0,0,0,0,0,0,0,0,0,0,0,0,0,0,0,0,0,0,0,0,0,0,0,0,0,0,0,0,0,0,0,0,0,0,0,0,0,0,0,0,0,0,0,0,0,0,0,0,0,0,0,0,0,0,0,0,0,0,0,0,0,0,0,0,0,0,0,0,0,0,0,0,0,0,0,0,0,0,0,0,0,0,0,0,0,0,0,0,0,0,0,0,0,0,0,0,0,0,0,0,0,0,0,0,0,0,0,0,0,0,0,0,0,0,0,0,0,0,0,0,0,0,0,0,0,0,0,0,0,0,0,0,0,0,0,0,0,0,0,0,0,0,0,0,0,0,0,0,0,0,0,0,0,0,0,0,0,0,0,0,0,0,0,0,0,0,0,0,0,0,0,0,0,0,0,0,0,0,0,0,0,0,0,0,0,0,0,0,0,0,0,0,0,0,0,0,0,0,0,0,0,0,0,0,0,0,0,0,0,0,0,0,0,0,0,0,0,0,0,0,10,10,0,0,0,0,0,0,0,0,0,0,0,0,0,0,0,0,0,0,0,0,0,0,0,0,0,0,0,0,0,0,0,0,0,0,0,0,0,0,0,0,0,0,0,0,0,0,0,0,0,0,0,0,0,0,0,0,0,0,0,0,0,0,0,0,0,0,0,0,0,0,0,0,0,0,0,0,0,0,0,0,0,0,0,0,0,0,0,0,0,0,0,0,0,0,0,0,0,0,0,0,0,0,0,0,0,0,0,0,0,0,0,0,0,0,0,0,0,0,0,0,0,0,0,0,0,0,0,0,0,0,0,0,0,0,0,0,0,0,0,0,0,0,0,0,0,0,0,0,0,0,0,0,0,0,0,0,0,0,0,0,0,0,0,0,0,0,0,0,0,0,0,0,0,0,0,0,0,0,0,0,0,0,0,0,0,0,0,0,0,0,0,0,0,0,0,0,0,0,0,0,0,0,0,0,0,0,0,0,0,0,0,0,0,0,0,0,0,0,0,0,0,0,0,0,0,0,0,0,0,0,0,0,0,0,0,0,0,0,0,0,0,0,0,0,0,0,0,0,0,0,0,10,10
短控制列表4:
0,0,0,0,0,0,0,0,0,0,0,0,0,0,0,0,0,0,0,0,0,0,0,0,0,0,0,0,0,0,0,0,0,0,0,0,0,0,0,0,0,0,0,0,0,0,0,0,0,0,0,0,0,0,0,0,0,0,0,0,0,0,0,0,0,0,0,0,0,0,0,0,0,0,0,0,0,0,0,0,0,0,0,0,0,0,0,0,0,0,0,0,0,0,0,0,0,0,0,0,0,0,0,0,0,0,0,0,0,0,0,0,0,0,0,0,0,0,0,0,0,0,0,0,0,0,0,0,0,0,0,0,0,0,0,0,0,0,0,0,0,0,0,0,0,0,0,0,0,0,0,0,0,0,0,0,0,0,0,0,0,0,0,0,0,0,0,0,0,0,0,0,0,0,0,0,0,0,0,0,0,0,0,0,0,0,0,0,0,0,0,0,0,0,0,0,0,0,0,0,0,0,0,0,0,0,0,0,0,0,0,0,0,0,0,0,0,0,0,0,0,0,0,0,0,0,0,0,0,0,0,0,65,65,0,0,0,0,0,0,0,0,0,0,0,0,0,0,0,0,0,0,0,0,0,0,0,0,0,0,0,0,0,0,0,0,0,0,0,0,0,0,0,0,0,0,0,0,0,0,0,0,0,0,0,0,0,0,0,0,0,0,0,0,0,0,0,0,0,0,0,0,0,0,0,0,0,0,0,0,0,0,0,0,0,0,0,0,0,0,0,0,0,0,0,0,0,0,0,0,0,0,0,0,0,0,0,0,0,0,0,0,0,0,0,0,0,0,0,0,0,0,0,0,0,0,0,0,0,0,0,0,0,0,0,0,0,0,0,0,0,0,0,0,0,0,0,0,0,0,0,0,0,0,0,0,0,0,0,0,0,0,0,0,0,0,0,0,0,0,0,0,0,0,0,0,0,0,0,0,0,0,0,0,0,0,0,0,0,0,0,0,0,0,0,0,0,0,0,0,0,0,0,0,0,0,0,0,0,0,0,0,0,0,0,0,0,0,0,0,0,0,0,0,0,0,0,0,0,0,0,0,0,0,0,0,0,0,0,0,0,0,0,0,0,0,0,0,0,0,0,0,0,0,0,65,65
加长控制列表:
0,0,0,0,0,0,0,0,0,0,0,0,0,0,0,0,0,0,0,0,0,0,0,0,0,0,0,0,0,0,0,0,0,0,0,0,0,0,0,0,0,0,0,0,0,0,0,0,0,0,0,0,0,0,0,0,0,0,0,0,0,0,0,0,0,0,0,0,0,0,0,0,0,0,0,0,0,0,0,0,0,0,0,0,0,0,0,0,0,0,0,0,0,0,0,0,0,0,0,0,0,0,0,0,0,0,0,0,0,0,0,0,0,0,0,0,0,0,0,0,0,0,0,0,0,0,0,0,0,0,0,0,0,0,0,0,0,0,0,0,0,0,0,0,0,0,0,0,0,0,0,0,0,0,0,0,0,0,0,0,0,0,0,0,0,0,0,0,0,0,0,0,0,0,0,0,0,0,0,0,0,0,0,0,0,0,0,0,0,0,0,0,0,0,0,0,0,0,0,0,0,0,0,0,0,0,0,0,0,0,0,0,0,0,0,0,0,0,0,0,0,0,0,0,0,0,0,0,0,0,0,0,0,0,0,0,0,0,0,0,0,0,0,0,0,0,0,0,0,0,0,0,0,0,0,0,0,0,0,0,0,0,0,0,0,0,0,0,0,0,0,0,0,0,0,0,0,0,0,0,0,0,0,0,0,0,0,0,0,0,0,0,0,0,0,0,0,0,0,0,0,0,0,0,0,0,0,0,0,0,0,0,0,0,0,0,0,0,0,0,0,0,0,0,0,0,0,0,0,0,0,0,0,0,0,0,0,0,0,0,0,0,0,0,0,0,0,0,0,0,0,0,0,0,0,0,0,0,0,0,0,0,0,0,0,0,0,0,0,0,0,0,0,0,0,0,0,0,0,0,0,0,0,0,0,0,0,0,0,0,0,0,0,0,0,0,0,0,0,0,0,0,0,0,0,0,0,0,0,0,0,0,0,0,0,0,0,0,0,0,0,0,0,0,0,0,0,0,0,0,0,0,0,0,0,0,0,0,0,0,0,0,0,0,0,0,0,0,0,0,0,0,0,0,0,0,0,0,0,0,0,0,0,0,0,0,0,0,0,0,0,0,0,0,0,0,0,0,0,0,0,0,0,0,0,0,0,0,0,0,0,0,0,0,0,0,0,0,0,0,0,0,0,0,0,0,0,0,0,0,0,0,0,0,0,0,0,0,0,0,0,0,0,0,0,0,0,0,0,0,0,0,0,0,0,0,0,0,0,0,0,0,0,0,0,0,0,0,0,0,0,0,0,0,0,0,0,0,0,0,0,0,0,0,0,0,0,0,0,0,0,0,0,0,0,0,0,0,0,0,0,0,0,0,0,0,0,0,0,0,0,0,0,0,0,0,0,0,0,0,0,0,0,0,0,0,0,0,0,0,0,0,0,0,0,0,0,0,0,0,0,0,0,0,0,0,0,0,0,0,0,0,0,0,0,0,0,0,0,0,0,0,0,0,0,0,0,0,0,0,0,0,0,0,0,0,0,0,0,0,0,0,0,0,0,0,0,0,0,0,0,0,0,0,0,0,0,0,0,0,0,0,0,0,0,0,0,0,0,0,0,0,0,0,0,0,0,0,0,0,0,0,0,0,0,0,0,0,0,0,0,0,0,0,0,0,0,0,0,65,65,0,0,0,0,0,0,0,0,0,0,0,0,0,0,0,0,0,0,0,0,0,0,0,0,0,0,0,0,0,0,0,0,0,0,0,0,0,0,0,0,0,0,0,0,0,0,0,0,0,0,0,0,0,0,0,0,0,0,0,0,0,0,0,0,0,0,0,0,0,0,0,0,0,0,0,0,0,0,0,0,0,0,0,0,0,0,0,0,0,0,0,0,0,0,0,0,0,0,0,0,0,0,0,0,0,0,0,0,0,0,0,0,0,0,0,0,0,0,0,0,0,0,0,0,0,0,0,0,0,0,0,0,0,0,0,0,0,0,0,0,0,0,0,0,0,0,0,0,0,0,0,0,0,0,0,0,0,0,0,0,0,0,0,0,0,0,0,0,0,0,0,0,0,0,0,0,0,0,0,0,0,0,0,0,0,0,0,0,0,0,0,0,0,0,0,0,0,0,0,0,0,0,0,0,0,0,0,0,0,0,0,0,0,0,0,0,0,0,0,0,0,0,0,0,0,0,0,0,0,0,0,0,0,0,0,0,0,0,0,0,0,0,0,0,0,0,0,0,0,0,0,65,65
