-15463.95700	15651.59100
-17048.09400	17235.72800
-15230.82800	19052.99200
-15623.36700	19445.52900
-15618.25800	19449.64500
-15564.27500	19493.02900
-15510.25000	19536.05200
-15456.05900	19579.07700
-15401.74700	19621.82200
-15347.27400	19664.56700
-15292.78200	19707.06000
-15238.14200	19749.41500
-15183.36100	19791.63000
-15128.51600	19833.62900
-15073.44700	19875.56600
-15018.34300	19917.38800
-14963.11400	19958.93400
-14907.77500	20000.29600
-14852.31300	20041.62800
-14796.75500	20082.78300
-14741.05700	20123.79900
-14685.21700	20164.67300
-14629.31300	20205.32900
-14573.26100	20245.85000
-14517.14500	20286.15500
-14460.88200	20326.32200
-14404.50100	20366.45300
-14348.00200	20406.30500
-14291.41700	20446.07700
-14234.72900	20485.68100
-14177.97900	20525.06700
-14121.00100	20564.39300
-14063.96900	20603.49700
-14006.86700	20642.38900
-13949.63800	20681.24800
-13892.29100	20719.83000
-13834.85900	20758.33100
-13777.30100	20796.56100
-13719.57800	20834.78400
-13661.84000	20872.75900
-13603.95200	20910.59700
-13545.92300	20948.29500
-13487.85600	20985.87500
-13429.66200	21023.19000
-13371.38400	21060.41800
-13312.97800	21097.37900
-13254.48800	21134.25300
-13195.89300	21170.96300
-13137.15800	21207.53100
-13078.36300	21243.88100
-13019.43800	21280.19700
-12960.47900	21316.16300
-12901.34100	21352.12600
-12842.19400	21387.84100
-12782.87000	21423.32100
-12723.46300	21458.71100
-12663.97200	21494.03900
-12604.36600	21529.09600
-12544.65400	21563.96400
-12484.89400	21598.71800
-12425.02800	21633.31000
-12365.02000	21667.76200
-12304.95500	21701.99200
-12244.82000	21736.01300
-12184.53000	21769.89900
-12124.20500	21803.66500
-12063.75200	21837.17000
-12003.13000	21870.66100
-11942.50100	21903.90500
-11881.80200	21936.93500
-11820.96900	21969.93100
-11760.10600	22002.58300
-11699.06000	22035.22600
-11637.98700	22067.52500
-11576.81500	22099.73600
-11515.53600	22131.78800
-11454.13700	22163.79400
-11392.79700	22195.38000
-11331.17000	22227.04200
-11269.64000	22258.37100
-11207.93600	22289.57500
-11146.09200	22320.63900
-11084.19200	22351.48200
-11022.24500	22382.20900
-10960.25400	22412.60400
-10898.07800	22442.98600
-10835.80900	22473.20200
-10773.57500	22503.11900
-10711.09800	22533.08500
-10648.70100	22562.62600
-10586.10100	22592.16000
-10523.49700	22621.45000
-10460.84400	22650.62300
-10398.05900	22679.54600
-10335.19400	22708.36500
-10272.19700	22736.93500
-10209.12000	22765.40100
-10146.04300	22793.72500
-10082.92400	22821.72300
-10019.61600	22849.70300
-9956.30700	22877.44000
-9892.83600	22905.04500
-9829.40500	22932.35100
-9765.79300	22959.53200
-9702.15200	22986.58500
-9638.39800	23013.48400
-9574.59500	23040.16200
-9510.74200	23066.72000
-9446.84700	23092.95600
-9382.76200	23119.16800
-9318.76600	23145.06200
-9254.51900	23171.00200
-9190.36300	23196.52300
-9126.08600	23221.95100
-9061.69700	23247.22700
-8997.25800	23272.28200
-8932.67800	23297.29400
-8868.19000	23321.98800
-8803.51800	23346.55900
-8738.79700	23370.90800
-8674.00600	23395.04600
-8609.16500	23419.06000
-8544.20900	23442.92500
-8479.32100	23466.57800
-8414.27300	23490.00100
-8349.15000	23513.30800
-8284.00600	23536.38800
-8218.69700	23559.33500
-8153.45700	23582.06900
-8088.07700	23604.66300
-8022.65000	23627.03600
-7957.17400	23649.28500
-7891.65600	23671.21800
-7825.94400	23693.12200
-7760.35200	23714.79700
-7694.59700	23736.24500
-7628.76800	23757.57600
-7562.91700	23778.67900
-7497.01900	23799.65700
-7431.09800	23820.40700
-7365.10800	23840.94400
-7299.04500	23861.27100
-7232.83800	23881.55000
-7166.73200	23901.51500
-7100.43100	23921.35600
-7034.20700	23940.98300
-6967.81300	23960.38600
-6901.37200	23979.75300
-6834.93600	23998.79400
-6768.40100	24017.72400
-6701.84600	24036.42700
-6635.24100	24055.00200
-6568.61400	24073.35300
-6501.81900	24091.56900
-6435.10100	24109.57300
-6301.34800	24145.02300
-6234.51500	24162.36500
-6167.55800	24179.60000
-6100.47900	24196.68700
-6033.48100	24213.55900
-5966.33000	24230.29400
-5899.23900	24246.73100
-5831.97000	24263.12400
-5764.80800	24279.20900
-5697.44500	24295.16700
-5630.16500	24310.91000
-5562.73200	24326.51500
-5495.38100	24341.90500
-5427.87700	24357.15800
-5360.43300	24372.11400
-5292.91200	24386.94500
-5225.26600	24401.63300
-5157.68100	24416.02400
-5090.01900	24430.29100
-5022.33200	24444.33600
-4954.59900	24458.25000
-4886.84300	24471.94100
-4819.01500	24485.42200
-4751.14100	24498.77200
-4683.24400	24511.89900
-4615.29900	24524.89400
-4547.32900	24537.66900
-4479.39300	24550.15600
-4411.27500	24562.59200
-4343.29200	24574.80500
-4275.12500	24586.80100
-4207.02600	24598.66900
-4138.89200	24610.23600
-4070.66400	24621.67800
-4002.43700	24632.97900
-3934.18600	24644.05900
-3865.96800	24654.85200
-3797.56600	24665.59300
-3729.27800	24676.03300
-3660.80500	24686.42200
-3592.44700	24696.50900
-3524.00700	24706.46700
-3455.64900	24716.13200
-3430.00000	24719.69800
-3430.00000	24230.00000
-860.00000	24230.00000
-860.00000	22002.20700
-902.00300	22000.51200
-967.04500	21997.67800
-1032.01800	21994.63200
-1097.05900	21991.37300
-1162.05900	21987.97400
-1227.03200	21984.36100
-1291.96100	21980.60800
-1356.97700	21976.56700
-1421.90400	21972.38900
-1486.80800	21967.99700
-1551.66600	21963.46600
-1616.63500	21958.71900
-1681.53800	21953.76000
-1746.39700	21948.66100
-1811.23000	21943.34700
-1876.12700	21937.82200
-1940.96000	21932.08200
-2005.74800	21926.20500
-2070.51000	21920.11200
-2135.33600	21913.80700
-2200.09900	21907.28800
-2264.81500	21900.63300
-2329.50800	21893.76000
-2394.15300	21886.75000
-2458.88300	21879.44800
-2523.52800	21872.01300
-2588.15000	21864.36100
-2652.72400	21856.57200
-2717.29700	21848.64300
-2781.93500	21840.34200
-2846.46100	21831.99300
-2910.99000	21823.34200
-2975.44400	21814.64000
-3039.90300	21805.63500
-3104.26400	21796.50100
-3168.73300	21787.15000
-3233.03600	21777.66000
-3297.43400	21767.95400
-3361.77300	21758.03500
-3426.04200	21747.90200
-3490.26100	21737.63500
-3554.56500	21727.07200
-3618.67800	21716.45800
-3682.91200	21705.53900
-3746.95400	21694.57100
-3811.11700	21683.29900
-3875.19500	21671.90000
-3939.25100	21660.27900
-4003.23700	21648.44600
-4067.17300	21636.47900
-4131.19200	21624.21500
-4195.00300	21611.82100
-4258.79800	21599.28900
-4322.69600	21586.53800
-4386.43500	21573.64800
-4450.24200	21560.46200
-4513.84200	21547.14700
-4577.52600	21533.61800
-4641.17900	21519.95200
-4704.81100	21506.06400
-4768.26900	21492.04100
-4831.79200	21477.72100
-4895.23200	21463.27700
-4958.65100	21448.60900
-5022.02000	21433.81100
-5085.36800	21418.79000
-5148.64700	21403.55500
-5211.87400	21388.19000
-5274.97900	21372.68000
-5338.16600	21356.95400
-5401.28300	21340.92700
-5464.31600	21324.86800
-5527.36300	21308.48600
-5590.30600	21291.98900
-5653.12900	21275.34500
-5716.03100	21258.48600
-5841.51500	21224.21300
-5904.30700	21206.68900
-5966.96700	21189.05900
-6029.50800	21171.28100
-6092.02500	21153.36900
-6154.62400	21135.14900
-6217.02400	21116.80500
-6279.38200	21098.24000
-6341.68700	21079.54800
-6403.97400	21060.62800
-6466.18900	21041.49600
-6528.35300	21022.23900
-6590.49700	21002.75300
-6652.47300	20983.13300
-6714.52200	20963.30000
-6776.42700	20943.32500
-6838.28800	20923.13100
-6900.07900	20902.72300
-6961.81700	20882.19100
-7023.53600	20861.42900
-7085.08900	20840.53400
-7146.71100	20819.42700
-7208.19200	20798.17800
-7269.62800	20776.70700
-7330.99500	20755.02400
-7392.30600	20733.21900
-7514.67700	20689.02900
-7575.81100	20666.61900
-7636.84000	20644.10500
-7697.85200	20621.35800
-7758.79100	20598.40000
-7819.56600	20575.30800
-7880.40600	20552.00700
-7941.11100	20528.56000
-8001.67300	20504.97400
-8062.30000	20481.17600
-8122.77400	20457.14300
-8183.16500	20433.00100
-8243.53800	20408.62500
-8303.85800	20384.12900
-8364.04900	20359.38600
-8424.15700	20334.53700
-8484.24700	20309.45200
-8544.26500	20284.15600
-8604.14000	20258.81800
-8663.99700	20233.14500
-8723.65900	20207.45500
-8783.41500	20181.44000
-8843.00600	20155.39600
-8902.58100	20129.01300
-8961.96000	20102.61500
-9021.34100	20075.97200
-9080.65000	20049.11700
-9139.90700	20022.14300
-9199.03700	19994.91800
-9258.08200	19967.59100
-9317.01800	19940.10600
-9375.90300	19912.40000
-9434.73400	19884.57700
-9493.44000	19856.50000
-9552.14800	19828.24500
-9610.64200	19799.91800
-9669.19000	19771.28200
-9727.55900	19742.52300
-9785.80700	19713.71700
-9844.03500	19684.56800
-9902.15700	19655.33100
-9960.17400	19625.93300
-10018.13700	19596.31400
-10076.04800	19566.57900
-10133.83200	19536.58900
-10191.53000	19506.50100
-10249.12300	19476.25300
-10306.65900	19445.78500
-10364.12600	19415.10300
-10421.34800	19384.36800
-10478.63700	19353.42200
-10535.80400	19322.32300
-10592.89600	19290.90500
-10649.79900	19259.48200
-10706.71800	19227.90800
-10763.51200	19196.07200
-10820.19900	19164.04400
-10876.74800	19131.98300
-10933.29300	19099.67200
-10989.68100	19067.22800
-11046.01400	19034.56200
-11102.19000	19001.76300
-11158.30800	18968.74400
-11214.29200	18935.69200
-11270.16600	18902.36600
-11326.03400	18868.87400
-11381.70300	18835.30400
-11437.32500	18801.50500
-11492.87700	18767.49400
-11548.27500	18733.34800
-11603.55000	18699.16400
-11658.79900	18664.62600
-11713.86300	18630.08700
-11768.91800	18595.29600
-11823.82000	18560.37200
-11878.66300	18525.22700
-11933.35300	18489.94900
-11987.90200	18454.52700
-12042.41000	18418.99100
-12096.79500	18383.18400
-12151.01000	18347.37000
-12205.21500	18311.30500
-12259.34800	18275.02700
-12313.24900	18238.69300
-12367.10000	18202.13100
-12420.87800	18165.35800
-12474.42600	18128.52700
-12527.94300	18091.57500
-12581.43800	18054.37700
-12634.76200	18016.93600
-12687.91500	17979.49600
-12740.97600	17941.87900
-12793.97500	17904.04200
-12846.82400	17866.07200
-12899.53200	17827.95700
-12952.19700	17789.73200
-13004.74100	17751.23000
-13057.11600	17712.72600
-13109.37700	17673.93900
-13161.54700	17635.07700
-13213.61700	17596.04200
-13265.62200	17556.79100
-13317.40300	17517.47700
-13369.12500	17477.94200
-13420.70000	17438.27000
-13472.23100	17398.48800
-13523.56400	17358.50100
-13574.81300	17318.43500
-13625.94000	17278.08800
-13676.89900	17237.74500
-13727.84100	17197.14700
-13778.63700	17156.41200
-13829.29000	17115.53500
-13879.80300	17074.51600
-13930.17200	17033.35700
-13980.40200	16992.05400
-14030.56300	16950.53600
-14080.60300	16908.99000
-14130.52500	16867.15200
-14180.28200	16825.32300
-14230.01800	16783.23800
-14279.51100	16740.98000
-14328.91800	16698.65100
-14378.22500	16656.14400
-14427.39100	16613.49500
-14476.41500	16570.70700
-14525.32200	16527.88600
-14574.11000	16484.77200
-14622.78300	16441.48400
-14671.26300	16398.24200
-14719.69900	16354.62900
-14767.96900	16311.03000
-14816.14300	16267.24900
-14864.15100	16223.21200
-14911.99600	16179.18800
-14959.74500	16134.98200
-15007.35400	16090.63300
-15054.82000	16046.14300
-15102.21600	16001.43800
-15149.42300	15956.78000
-15196.50900	15911.82100
-15243.50700	15866.80600
-15290.30800	15821.56600
-15337.02200	15776.26700
-15383.54000	15730.74300
-15429.97100	15685.16100