顶点列表:
2214.058,2422.403;2203.514,2431.972;2184.745,2448.622;2165.874,2465.173;2146.811,2481.602;2127.559,2497.917;2108.192,2514.042;2088.817,2529.986;2069.167,2545.972;2049.490,2561.613;2029.791,2577.070;2009.835,2592.469;1989.754,2607.684;1969.494,2622.855;1949.212,2637.688;1928.826,2652.495;1908.343,2667.025;1887.753,2681.530;1867.068,2695.757;1846.173,2709.858;1825.288,2723.782;1804.097,2737.740;1782.990,2751.273;1761.802,2764.693;1740.514,2778.011;1719.008,2791.200;1697.404,2804.185;1675.696,2816.969;1654.005,2829.581;1632.092,2842.059;1610.204,2854.367;1588.089,2866.542;1565.849,2878.581;1543.656,2890.283;1521.338,2901.949;1498.945,2913.348;1476.392,2924.726;1453.866,2935.737;1431.274,2946.630;1408.447,2957.386;1385.654,2967.976;1362.789,2978.398;1339.760,2988.646;1316.631,2998.690;1293.401,3008.532;1270.206,3018.214;1246.933,3027.727;1223.500,3037.061;1200.123,3046.171;1176.573,3055.167;1152.992,3063.973;1129.214,3072.648;1105.520,3081.017;1081.886,3089.200;1058.040,3097.283;1034.154,3105.179;1010.114,3112.890;986.122,3120.382;961.982,3127.686;937.743,3134.787;913.694,3141.731;889.498,3148.515;865.157,3155.109;840.716,3161.500;816.313,3167.677;791.913,3173.652;767.294,3179.553;742.865,3185.105;718.377,3190.547;693.770,3195.814;669.029,3200.886;644.321,3205.748;619.610,3210.408;594.772,3214.871;569.879,3219.239;545.145,3223.277;520.363,3227.207;495.573,3230.952;470.512,3234.504;445.617,3237.844;420.583,3240.988;395.564,3243.927;370.547,3246.663;345.528,3249.197;320.321,3251.637;295.387,3253.756;270.415,3255.771;245.297,3257.595;219.935,3259.232;194.896,3260.546;169.824,3261.754;144.629,3262.872;140.000,3263.021;140.000,6108.883;144.400,6108.806;178.584,6108.108;212.534,6107.117;246.718,6106.021;280.669,6104.633;314.852,6103.138;348.921,6101.449;382.881,6099.562;416.956,6097.475;450.916,6095.190;484.884,6092.706;518.961,6090.023;552.920,6087.143;586.894,6084.154;620.758,6080.885;654.731,6077.497;688.599,6073.832;722.570,6070.046;756.440,6066.072;790.196,6061.902;823.966,6057.531;857.853,6052.959;891.607,6048.279;925.280,6043.326;958.934,6038.162;992.722,6032.880;1026.394,6027.416;1059.948,6021.757;1093.522,6015.896;1127.096,6009.836;1160.550,6003.581;1194.146,5997.120;1227.478,5990.472;1260.967,5983.695;1294.342,5976.741;1327.608,5969.512;1360.972,5962.142;1394.250,5954.591;1427.403,5946.848;1460.693,5938.974;1493.636,5930.860;1526.825,5922.587;1559.780,5914.150;1592.651,5905.435;1625.743,5896.564;1658.705,5887.601;1691.351,5878.400;1724.134,5868.962;1756.894,5859.402;1789.581,5849.665;1822.135,5839.739;1854.722,5829.604;1887.177,5819.281;1919.771,5808.815;1952.126,5798.195;1984.276,5787.311;2016.672,5776.247;2048.931,5765.094;2080.885,5753.717;2113.080,5742.154;2145.036,5730.442;2177.033,5718.518;2208.888,5706.410;2240.648,5694.102;2272.408,5681.657;2304.104,5669.037;2335.664,5656.234;2367.264,5643.215;2398.682,5630.091;2430.083,5616.774;2461.345,5603.276;2492.506,5589.581;2523.809,5575.724;2554.773,5561.673;2585.835,5547.437;2616.793,5533.102;2647.462,5518.558;2678.366,5503.802;2709.033,5488.915;2739.546,5473.907;2770.113,5458.623;2800.525,5443.217;2830.885,5427.688;2860.962,5411.955;2891.270,5396.003;2921.340,5379.925;2951.252,5363.726;2981.083,5347.273;3011.034,5330.701;3040.618,5313.977;3070.280,5297.056;3099.754,5279.986;3129.128,5262.717;3158.492,5245.298;3187.669,5227.731;3216.832,5210.014;3245.810,5192.150;3274.842,5174.054;3303.652,5155.872;3332.335,5137.511;3360.917,5118.952;3389.480,5100.240;3417.866,5081.382;3446.231,5062.372;3474.263,5043.253;3502.483,5023.908;3530.471,5004.454;3558.205,4984.841;3586.128,4964.996;3613.662,4945.086;3641.232,4924.980;3668.624,4904.733;3695.919,4884.286;3723.190,4863.684;3750.358,4842.984;3777.198,4822.183;3803.997,4801.139;3830.769,4779.941;3857.441,4758.643;3883.942,4737.202;3910.188,4715.609;3936.619,4693.766;3962.735,4671.919;3988.584,4649.931;4014.616,4627.689;4040.267,4605.403;4065.943,4582.911;4091.456,4560.277;4116.931,4537.488;4142.087,4514.608;4167.266,4491.519;4192.186,4468.384;4217.162,4445.000;4227.169,4435.514
短控制列表:
10,0,0,0,0,0,0,0,0,0,0,0,0,0,0,0,0,0,0,0,0,0,0,0,0,0,0,0,0,0,0,0,0,0,0,0,0,0,0,0,0,0,0,0,0,0,0,0,0,0,0,0,0,0,0,0,0,0,0,0,0,0,0,0,0,0,0,0,0,0,0,0,0,0,0,0,0,0,0,0,0,0,0,0,0,0,0,0,0,0,0,0,0,0,0,0,0,0,0,0,0,0,0,0,0,0,0,0,0,0,0,0,0,0,0,0,0,0,0,0,0,0,0,0,0,0,0,0,0,0,0,0,0,0,10,10,0,0,0,0,0,0,0,0,0,0,0,0,0,0,0,0,0,0,0,0,0,0,0,0,0,0,0,0,0,0,0,0,0,0,0,0,0,0,0,0,0,0,0,0,0,0,0,0,0,0,0,0,0,0,0,0,0,0,0,0,0,0,0,0,0,0,0,0,0,0,0,0,0,0,0,0,0,0,0,0,0,0,0,0,0,0,0,0,0,0,0,10
短控制列表2:
45,0,0,0,0,0,0,0,0,0,0,0,0,0,0,0,0,0,0,0,0,0,0,0,0,0,0,0,0,0,0,0,0,0,0,0,0,0,0,0,0,0,0,0,0,0,0,0,0,0,0,0,0,0,0,0,0,0,0,0,0,0,0,0,0,0,0,0,0,0,0,0,0,0,0,0,0,0,0,0,0,0,0,0,0,0,0,0,0,0,0,0,0,0,0,0,0,0,0,0,0,0,0,0,0,0,0,0,0,0,0,0,0,0,0,0,0,0,0,0,0,0,0,0,0,0,0,0,0,0,0,0,0,0,45,45,0,0,0,0,0,0,0,0,0,0,0,0,0,0,0,0,0,0,0,0,0,0,0,0,0,0,0,0,0,0,0,0,0,0,0,0,0,0,0,0,0,0,0,0,0,0,0,0,0,0,0,0,0,0,0,0,0,0,0,0,0,0,0,0,0,0,0,0,0,0,0,0,0,0,0,0,0,0,0,0,0,0,0,0,0,0,0,0,0,0,0,45
短控制列表3:
10,0,0,0,0,0,0,0,0,0,0,0,0,0,0,0,0,0,0,0,0,0,0,0,0,0,0,0,0,0,0,0,0,0,0,0,0,0,0,0,0,0,0,0,0,0,0,0,0,0,0,0,0,0,0,0,0,0,0,0,0,0,0,0,0,0,0,0,0,0,0,0,0,0,0,0,0,0,0,0,0,0,0,0,0,0,0,0,0,0,0,0,0,0,0,0,0,0,0,0,0,0,0,0,0,0,0,0,0,0,0,0,0,0,0,0,0,0,0,0,0,0,0,0,0,0,0,0,0,0,0,0,0,0,10,10,0,0,0,0,0,0,0,0,0,0,0,0,0,0,0,0,0,0,0,0,0,0,0,0,0,0,0,0,0,0,0,0,0,0,0,0,0,0,0,0,0,0,0,0,0,0,0,0,0,0,0,0,0,0,0,0,0,0,0,0,0,0,0,0,0,0,0,0,0,0,0,0,0,0,0,0,0,0,0,0,0,0,0,0,0,0,0,0,0,0,0,10
短控制列表4:
65,0,0,0,0,0,0,0,0,0,0,0,0,0,0,0,0,0,0,0,0,0,0,0,0,0,0,0,0,0,0,0,0,0,0,0,0,0,0,0,0,0,0,0,0,0,0,0,0,0,0,0,0,0,0,0,0,0,0,0,0,0,0,0,0,0,0,0,0,0,0,0,0,0,0,0,0,0,0,0,0,0,0,0,0,0,0,0,0,0,0,0,0,0,0,0,0,0,0,0,0,0,0,0,0,0,0,0,0,0,0,0,0,0,0,0,0,0,0,0,0,0,0,0,0,0,0,0,0,0,0,0,0,0,65,65,0,0,0,0,0,0,0,0,0,0,0,0,0,0,0,0,0,0,0,0,0,0,0,0,0,0,0,0,0,0,0,0,0,0,0,0,0,0,0,0,0,0,0,0,0,0,0,0,0,0,0,0,0,0,0,0,0,0,0,0,0,0,0,0,0,0,0,0,0,0,0,0,0,0,0,0,0,0,0,0,0,0,0,0,0,0,0,0,0,0,0,65
加长控制列表:
0,0,0,0,0,0,0,0,0,0,0,0,0,0,0,0,0,0,0,0,0,0,0,0,0,0,0,0,0,0,0,0,0,0,0,0,0,0,0,0,0,0,0,0,0,0,0,0,0,0,0,0,0,0,0,0,0,0,0,0,0,0,0,0,0,0,0,0,0,0,0,0,0,0,0,0,0,0,0,0,0,0,0,0,0,0,0,0,0,0,0,0,0,0,0,0,0,0,0,0,0,0,0,0,0,0,0,0,0,0,0,0,0,0,0,0,0,0,0,0,0,0,0,0,0,0,0,0,0,0,0,0,0,0,0,0,0,0,0,0,0,0,0,0,0,0,0,0,0,0,0,0,0,0,0,0,0,0,0,0,0,0,0,0,0,0,0,0,0,0,0,0,0,0,0,0,0,0,0,0,0,0,0,0,0,0,0,0,0,0,0,0,0,0,0,0,0,0,0,0,0,0,0,0,0,0,0,0,0,0,0,0,0,0,0,0,0,0,0,0,0,0,0,0,0,0,0,0,65,0,0,0,0,0,0,0,0,0,0,0,0,0,0,0,0,0,0,0,0,0,0,0,0,0,0,0,0,0,0,0,0,0,0,0,0,0,0,0,0,0,0,0,0,0,0,0,0,0,0,0,0,0,0,0,0,0,0,0,0,0,0,0,0,0,0,0,0,0,0,0,0,0,0,0,0,0,0,0,0,0,0,0,0,0,0,0,0,0,0,0,0,0,0,0,0,0,0,0,0,0,0,0,0,0,0,0,0,0,0,0,0,0,0,0,0,0,0,0,0,0,0,0,0,0,0,0,0,0,0,0,0,0,65,65,0,0,0,0,0,0,0,0,0,0,0,0,0,0,0,0,0,0,0,0,0,0,0,0,0,0,0,0,0,0,0,0,0,0,0,0,0,0,0,0,0,0,0,0,0,0,0,0,0,0,0,0,0,0,0,0,0,0,0,0,0,0,0,0,0,0,0,0,0,0,0,0,0,0,0,0,0,0,0,0,0,0,0,0,0,0,0,0,0,0,0,65
