顶点列表:
4337.389,4715.439;4337.255,4715.562;4311.337,4739.171;4285.158,4762.732;4258.875,4786.096;4232.489,4809.260;4206.067,4832.267;4179.387,4855.222;4152.600,4877.983;4125.776,4900.588;4098.785,4923.048;4071.604,4945.397;4044.468,4967.510;4017.085,4989.557;3989.432,5011.458;3961.964,5033.112;3934.174,5054.839;3906.309,5076.165;3878.456,5097.406;3850.282,5118.514;3822.061,5139.578;3793.695,5160.300;3765.420,5180.854;3736.836,5201.387;3708.284,5221.696;3679.423,5241.880;3650.592,5261.871;3621.583,5281.715;3592.552,5301.405;3563.341,5320.947;3533.937,5340.449;3475.163,5378.561;3445.468,5397.452;3415.681,5416.169;3386.000,5434.720;3356.083,5453.155;3325.914,5471.419;3295.846,5489.420;3265.561,5507.330;3235.290,5525.030;3204.955,5542.609;3174.432,5560.037;3143.662,5577.290;3112.987,5594.288;3082.251,5611.164;3051.325,5627.886;3020.389,5644.459;2989.410,5660.854;2958.138,5677.098;2926.809,5693.116;2895.617,5708.962;2864.189,5724.677;2832.514,5740.213;2800.928,5755.503;2769.434,5770.649;2737.560,5785.680;2705.723,5800.545;2673.738,5815.176;2641.800,5829.638;2609.667,5843.943;2577.575,5858.028;2545.295,5872.006;2513.003,5885.789;2480.566,5899.389;2448.169,5912.771;2415.494,5925.983;2382.994,5939.023;2350.257,5951.918;2317.559,5964.595;2284.721,5977.087;2251.881,5989.439;2218.844,6001.628;2185.842,6013.602;2152.703,6025.388;2119.599,6036.960;2086.461,6048.408;2053.018,6059.624;2019.815,6070.659;1986.374,6081.538;1952.833,6092.216;1919.429,6102.748;1885.815,6113.046;1852.146,6123.197;1818.567,6133.151;1784.695,6142.931;1750.883,6152.491;1717.177,6161.921;1683.128,6171.117;1649.321,6180.146;1615.278,6189.010;1581.155,6197.592;1547.228,6206.099;1513.004,6214.379;1478.762,6222.437;1444.653,6230.362;1410.200,6238.041;1375.993,6245.566;1341.673,6252.914;1307.231,6260.065;1272.811,6267.010;1238.268,6273.758;1203.867,6280.297;1169.315,6286.724;1134.705,6292.882;1100.173,6298.905;1065.550,6304.743;1030.808,6310.382;996.087,6315.819;961.362,6321.053;926.637,6326.086;891.796,6330.921;857.084,6335.636;822.146,6340.080;787.319,6344.396;752.282,6348.437;717.580,6352.348;682.528,6356.076;647.614,6359.598;612.687,6362.920;577.649,6366.042;542.623,6368.963;507.707,6371.771;472.566,6374.297;437.652,6376.705;402.403,6378.828;367.495,6380.834;332.360,6382.647;297.337,6384.258;262.089,6385.572;227.075,6386.776;191.946,6387.784;156.931,6388.687;140.001,6388.979;140.000,9239.261;172.131,9238.804;214.237,9238.106;256.050,9237.111;298.158,9236.014;340.074,9234.622;382.076,9233.125;424.090,9231.432;465.901,9229.445;508.012,9227.349;549.918,9225.060;591.829,9222.570;633.833,9219.976;675.651,9217.095;717.563,9214.008;759.568,9210.815;801.278,9207.338;843.292,9203.745;885.003,9199.871;926.909,9195.880;968.610,9191.699;1010.432,9187.318;1052.135,9182.739;1093.958,9177.959;1135.661,9172.983;1177.354,9167.894;1218.988,9162.528;1260.682,9157.042;1302.202,9151.280;1343.909,9145.393;1385.410,9139.321;1426.925,9133.049;1468.438,9126.576;1509.955,9119.906;1551.355,9113.039;1592.864,9106.055;1634.186,9098.802;1675.578,9091.421;1716.803,9083.771;1758.212,9075.988;1799.411,9068.027;1840.628,9059.862;1881.729,9051.503;1922.936,9043.021;1963.964,9034.278;2005.054,9025.402;2045.984,9016.261;2087.091,9006.982;2127.992,8997.528;2168.790,8987.875;2209.733,8978.012;2250.410,8967.967;2291.343,8957.783;2331.920,8947.439;2372.576,8936.802;2413.264,8926.032;2453.764,8915.085;2494.286,8903.933;2534.777,8892.664;2575.111,8881.139;2615.498,8869.471;2655.824,8857.622;2696.023,8845.582;2736.251,8833.334;2776.350,8820.896;2816.350,8808.258;2856.464,8795.485;2896.364,8782.550;2936.293,8769.406;2976.094,8756.072;3015.924,8742.529;3055.710,8728.868;3095.311,8715.037;3174.428,8686.736;3213.878,8672.327;3253.149,8657.712;3292.565,8642.943;3331.900,8628.006;3370.972,8612.893;3410.107,8597.558;3449.191,8582.103;3488.228,8566.467;3527.132,8550.647;3565.938,8534.626;3604.641,8518.408;3643.461,8502.042;3682.066,8485.524;3720.572,8468.808;3758.978,8451.893;3797.498,8434.828;3835.670,8417.630;3873.912,8400.202;3912.020,8382.590;3950.242,8364.826;3988.113,8346.932;4026.059,8328.806;4063.945,8310.561;4101.577,8292.091;4139.263,8273.447;4176.988,8254.685;4214.284,8235.737;4251.809,8216.576;4288.981,8197.292;4326.307,8177.831;4363.345,8158.168;4400.433,8138.329;4437.419,8118.390;4474.372,8098.270;4511.047,8077.994;4547.661,8057.496;4584.390,8036.837;4620.765,8016.064;4657.222,7995.046;4693.398,7973.876;4729.727,7952.517;4765.917,7931.084;4801.792,7909.517;4837.753,7887.701;4873.573,7865.711;4909.219,7843.605;4944.884,7821.290;4980.472,7798.860;5051.184,7753.444;5086.264,7730.586;5121.431,7707.473;5156.312,7684.218;5191.203,7660.791;5226.072,7637.179;5260.721,7613.483;5295.246,7589.602;5329.738,7565.577;5364.066,7541.398;5398.295,7517.019;5432.343,7492.528;5466.418,7467.818;5500.266,7443.029;5534.143,7418.019;5567.791,7392.932;5601.324,7367.657;5634.819,7342.238;5668.006,7316.698;5701.289,7290.890;5734.396,7265.062;5767.275,7239.037;5800.169,7212.820;5832.965,7186.503;5865.606,7160.032;5897.999,7133.401;5930.396,7106.586;5962.692,7079.672;5994.835,7052.604;6026.786,7025.429;6058.629,6998.063;6090.428,6970.551;6122.073,6942.885;6153.526,6915.115;6184.925,6887.204;6216.173,6859.140;6247.321,6830.877;6278.275,6802.510;6309.177,6774.001;6339.781,6745.384;6353.996,6732.046
短控制列表:
10,0,0,0,0,0,0,0,0,0,0,0,0,0,0,0,0,0,0,0,0,0,0,0,0,0,0,0,0,0,0,0,0,0,0,0,0,0,0,0,0,0,0,0,0,0,0,0,0,0,0,0,0,0,0,0,0,0,0,0,0,0,0,0,0,0,0,0,0,0,0,0,0,0,0,0,0,0,0,0,0,0,0,0,0,0,0,0,0,0,0,0,0,0,0,0,0,0,0,0,0,0,0,0,0,0,0,0,0,0,0,0,0,0,0,0,0,0,0,0,0,0,0,0,0,0,0,0,0,0,0,0,0,0,0,0,0,0,0,0,0,0,0,0,0,0,0,0,0,0,0,0,0,0,0,0,0,0,0,0,0,0,10,10,0,0,0,0,0,0,0,0,0,0,0,0,0,0,0,0,0,0,0,0,0,0,0,0,0,0,0,0,0,0,0,0,0,0,0,0,0,0,0,0,0,0,0,0,0,0,0,0,0,0,0,0,0,0,0,0,0,0,0,0,0,0,0,0,0,0,0,0,0,0,0,0,0,0,0,0,0,0,0,0,0,0,0,0,0,0,0,0,0,0,0,0,0,0,0,0,0,0,0,0,0,0,0,0,0,0,0,0,0,0,0,0,0,0,0,0,0,0,0,0,0,0,0,0,0,0,0,0,0,0,0,10
短控制列表2:
45,0,0,0,0,0,0,0,0,0,0,0,0,0,0,0,0,0,0,0,0,0,0,0,0,0,0,0,0,0,0,0,0,0,0,0,0,0,0,0,0,0,0,0,0,0,0,0,0,0,0,0,0,0,0,0,0,0,0,0,0,0,0,0,0,0,0,0,0,0,0,0,0,0,0,0,0,0,0,0,0,0,0,0,0,0,0,0,0,0,0,0,0,0,0,0,0,0,0,0,0,0,0,0,0,0,0,0,0,0,0,0,0,0,0,0,0,0,0,0,0,0,0,0,0,0,0,0,0,0,0,0,0,0,0,0,0,0,0,0,0,0,0,0,0,0,0,0,0,0,0,0,0,0,0,0,0,0,0,0,0,0,45,45,0,0,0,0,0,0,0,0,0,0,0,0,0,0,0,0,0,0,0,0,0,0,0,0,0,0,0,0,0,0,0,0,0,0,0,0,0,0,0,0,0,0,0,0,0,0,0,0,0,0,0,0,0,0,0,0,0,0,0,0,0,0,0,0,0,0,0,0,0,0,0,0,0,0,0,0,0,0,0,0,0,0,0,0,0,0,0,0,0,0,0,0,0,0,0,0,0,0,0,0,0,0,0,0,0,0,0,0,0,0,0,0,0,0,0,0,0,0,0,0,0,0,0,0,0,0,0,0,0,0,0,45
短控制列表3:
10,0,0,0,0,0,0,0,0,0,0,0,0,0,0,0,0,0,0,0,0,0,0,0,0,0,0,0,0,0,0,0,0,0,0,0,0,0,0,0,0,0,0,0,0,0,0,0,0,0,0,0,0,0,0,0,0,0,0,0,0,0,0,0,0,0,0,0,0,0,0,0,0,0,0,0,0,0,0,0,0,0,0,0,0,0,0,0,0,0,0,0,0,0,0,0,0,0,0,0,0,0,0,0,0,0,0,0,0,0,0,0,0,0,0,0,0,0,0,0,0,0,0,0,0,0,0,0,0,0,0,0,0,0,0,0,0,0,0,0,0,0,0,0,0,0,0,0,0,0,0,0,0,0,0,0,0,0,0,0,0,0,10,10,0,0,0,0,0,0,0,0,0,0,0,0,0,0,0,0,0,0,0,0,0,0,0,0,0,0,0,0,0,0,0,0,0,0,0,0,0,0,0,0,0,0,0,0,0,0,0,0,0,0,0,0,0,0,0,0,0,0,0,0,0,0,0,0,0,0,0,0,0,0,0,0,0,0,0,0,0,0,0,0,0,0,0,0,0,0,0,0,0,0,0,0,0,0,0,0,0,0,0,0,0,0,0,0,0,0,0,0,0,0,0,0,0,0,0,0,0,0,0,0,0,0,0,0,0,0,0,0,0,0,0,10
短控制列表4:
65,0,0,0,0,0,0,0,0,0,0,0,0,0,0,0,0,0,0,0,0,0,0,0,0,0,0,0,0,0,0,0,0,0,0,0,0,0,0,0,0,0,0,0,0,0,0,0,0,0,0,0,0,0,0,0,0,0,0,0,0,0,0,0,0,0,0,0,0,0,0,0,0,0,0,0,0,0,0,0,0,0,0,0,0,0,0,0,0,0,0,0,0,0,0,0,0,0,0,0,0,0,0,0,0,0,0,0,0,0,0,0,0,0,0,0,0,0,0,0,0,0,0,0,0,0,0,0,0,0,0,0,0,0,0,0,0,0,0,0,0,0,0,0,0,0,0,0,0,0,0,0,0,0,0,0,0,0,0,0,0,0,65,65,0,0,0,0,0,0,0,0,0,0,0,0,0,0,0,0,0,0,0,0,0,0,0,0,0,0,0,0,0,0,0,0,0,0,0,0,0,0,0,0,0,0,0,0,0,0,0,0,0,0,0,0,0,0,0,0,0,0,0,0,0,0,0,0,0,0,0,0,0,0,0,0,0,0,0,0,0,0,0,0,0,0,0,0,0,0,0,0,0,0,0,0,0,0,0,0,0,0,0,0,0,0,0,0,0,0,0,0,0,0,0,0,0,0,0,0,0,0,0,0,0,0,0,0,0,0,0,0,0,0,0,65
加长控制列表:
0,0,0,0,0,0,0,0,0,0,0,0,0,0,0,0,0,0,0,0,0,0,0,0,0,0,0,0,0,0,0,0,0,0,0,0,0,0,0,0,0,0,0,0,0,0,0,0,0,0,0,0,0,0,0,0,0,0,0,0,0,0,0,0,0,0,0,0,0,0,0,0,0,0,0,0,0,0,0,0,0,0,0,0,0,0,0,0,0,0,0,0,0,0,0,0,0,0,0,0,0,0,0,0,0,0,0,0,0,0,0,0,0,0,0,0,0,0,0,0,0,0,0,0,0,0,0,0,0,0,0,0,0,0,0,0,0,0,0,0,0,0,0,0,0,0,0,0,0,0,0,0,0,0,0,0,0,0,0,0,0,0,0,0,0,0,0,0,0,0,0,0,0,0,0,0,0,0,0,0,0,0,0,0,0,0,0,0,0,0,0,0,0,0,0,0,0,0,0,0,0,0,0,0,0,0,0,0,0,0,0,0,0,0,0,0,0,0,0,0,0,0,0,0,0,0,0,0,0,0,0,0,0,0,0,0,0,0,0,0,0,0,0,0,0,0,0,0,0,0,0,0,0,0,0,0,0,0,0,0,0,0,0,0,0,0,0,0,0,0,0,0,0,0,0,0,0,0,0,0,0,0,0,0,0,0,0,0,0,0,0,0,0,0,0,0,65,0,0,0,0,0,0,0,0,0,0,0,0,0,0,0,0,0,0,0,0,0,0,0,0,0,0,0,0,0,0,0,0,0,0,0,0,0,0,0,0,0,0,0,0,0,0,0,0,0,0,0,0,0,0,0,0,0,0,0,0,0,0,0,0,0,0,0,0,0,0,0,0,0,0,0,0,0,0,0,0,0,0,0,0,0,0,0,0,0,0,0,0,0,0,0,0,0,0,0,0,0,0,0,0,0,0,0,0,0,0,0,0,0,0,0,0,0,0,0,0,0,0,0,0,0,0,0,0,0,0,0,0,0,0,0,0,0,0,0,0,0,0,0,0,0,0,0,0,0,0,0,0,0,0,0,0,0,0,0,0,0,65,65,0,0,0,0,0,0,0,0,0,0,0,0,0,0,0,0,0,0,0,0,0,0,0,0,0,0,0,0,0,0,0,0,0,0,0,0,0,0,0,0,0,0,0,0,0,0,0,0,0,0,0,0,0,0,0,0,0,0,0,0,0,0,0,0,0,0,0,0,0,0,0,0,0,0,0,0,0,0,0,0,0,0,0,0,0,0,0,0,0,0,0,0,0,0,0,0,0,0,0,0,0,0,0,0,0,0,0,0,0,0,0,0,0,0,0,0,0,0,0,0,0,0,0,0,0,0,0,0,0,0,0,65
