顶点列表:
6464.212,7011.969;6435.389,7038.322;6403.642,7067.057;6371.843,7095.646;6339.944,7124.134;6307.746,7152.510;6275.494,7180.644;6243.247,7208.684;6210.593,7236.603;6178.047,7264.343;6145.291,7291.975;6112.435,7319.406;6079.533,7346.690;6046.330,7373.858;6013.128,7400.842;5979.824,7427.725;5946.363,7454.453;5912.659,7481.017;5879.100,7507.363;5845.193,7533.625;5811.288,7559.705;5777.286,7585.685;5708.815,7637.089;5674.305,7662.646;5639.883,7687.935;5605.232,7713.145;5570.465,7738.167;5535.596,7762.987;5500.545,7787.694;5465.583,7812.238;5430.412,7836.657;5394.997,7860.905;5359.590,7884.979;5324.161,7908.866;5288.445,7932.611;5252.736,7956.183;5216.928,7979.654;5180.889,8002.910;5144.878,8025.981;5108.911,8048.923;5072.593,8071.762;5036.074,8094.399;4999.706,8116.841;4963.128,8139.150;4926.449,8161.258;4889.738,8183.225;4852.859,8205.031;4815.878,8226.638;4778.869,8248.102;4741.826,8269.384;4704.504,8290.510;4667.193,8311.473;4629.709,8332.275;4592.339,8352.914;4554.542,8373.377;4516.970,8393.616;4479.119,8413.797;4441.199,8433.713;4403.287,8453.472;4365.200,8473.068;4327.088,8492.526;4288.801,8511.821;4250.414,8530.915;4212.062,8549.788;4173.514,8568.562;4134.961,8587.136;4096.272,8605.527;4057.559,8623.780;4018.727,8641.787;3979.780,8659.656;3940.822,8677.328;3901.810,8694.878;3862.620,8712.264;3823.462,8729.433;3784.036,8746.432;3744.677,8763.200;3705.264,8779.848;3665.805,8796.315;3626.078,8812.608;3586.498,8828.741;3546.756,8844.639;3506.910,8860.397;3467.048,8875.961;3427.053,8891.336;3387.171,8906.568;3346.946,8921.654;3266.697,8951.145;3226.319,8965.646;3185.923,8979.916;3145.509,8994.056;3105.043,9008.014;3064.446,9021.781;3023.877,9035.338;2983.181,9048.704;2942.467,9061.940;2901.698,9074.995;2860.927,9087.849;2819.903,9100.519;2778.932,9112.971;2737.960,9125.224;2696.947,9137.357;2655.750,9149.315;2614.576,9161.064;2573.403,9172.614;2532.103,9183.968;2490.707,9195.123;2449.418,9206.146;2407.955,9216.916;2366.544,9227.544;2324.946,9237.995;2283.369,9248.239;2241.792,9258.282;2200.182,9268.208;2158.294,9277.876;2116.725,9287.391;2074.808,9296.741;2033.048,9305.876;1991.149,9314.819;1949.269,9323.557;1907.271,9332.098;1865.290,9340.434;1823.282,9348.654;1781.113,9356.607;1739.119,9364.424;1696.923,9372.061;1654.858,9379.490;1612.543,9386.728;1570.376,9393.756;1528.078,9400.588;1485.886,9407.302;1443.399,9413.748;1401.106,9420.062;1358.631,9426.102;1316.339,9432.015;1273.954,9437.740;1231.458,9443.266;1188.973,9448.590;1146.377,9453.714;1103.903,9458.634;1061.400,9463.446;1018.722,9467.977;976.229,9472.386;933.550,9476.514;890.947,9480.524;848.261,9484.341;805.685,9487.957;762.990,9491.373;720.196,9494.588;677.517,9497.601;634.830,9500.413;592.129,9503.119;549.251,9505.537;506.662,9507.842;463.775,9509.856;421.082,9511.760;378.296,9513.469;335.507,9514.975;292.617,9516.281;249.833,9517.387;207.045,9518.291;164.257,9518.995;140.000,9519.279;140.000,12359.455;146.573,12359.401;195.107,12358.803;243.826,12358.104;292.279,12357.108;340.999,12356.010;389.451,12354.617;438.069,12353.119;486.707,12351.424;535.159,12349.434;583.777,12347.337;632.313,12345.045;680.849,12342.553;729.468,12339.957;777.818,12337.072;826.359,12333.981;874.977,12330.786;923.328,12327.303;971.844,12323.708;1020.283,12319.922;1068.637,12315.842;1117.156,12311.649;1165.486,12307.264;1213.931,12302.678;1262.260,12297.894;1310.679,12293.003;1358.936,12287.828;1407.165,12282.447;1455.593,12276.955;1503.820,12271.275;1551.979,12265.304;1600.298,12259.214;1648.426,12252.936;1696.565,12246.457;1744.705,12239.779;1792.843,12232.902;1840.951,12225.915;1888.910,12218.651;1937.030,12211.263;1984.990,12203.601;2032.996,12195.816;2080.937,12187.842;2128.763,12179.671;2176.719,12171.296;2224.546,12162.727;2272.272,12153.958;2320.206,12145.070;2367.741,12135.921;2415.576,12126.633;2463.203,12117.167;2510.845,12107.499;2558.370,12097.635;2605.914,12087.568;2653.456,12077.301;2700.884,12066.839;2748.405,12056.256;2795.732,12045.495;2842.999,12034.449;2890.420,12023.268;2937.646,12011.908;2984.773,12000.351;3032.114,11988.666;3079.044,11976.733;3126.166,11964.653;3173.213,11952.393;3220.064,11939.860;3267.086,11927.180;3313.989,11914.406;3360.760,11901.369;3407.563,11888.196;3454.235,11874.761;3500.938,11861.189;3547.587,11847.433;3594.114,11833.485;3640.540,11819.337;3687.065,11805.060;3733.441,11790.530;3779.719,11775.868;3826.094,11761.008;3872.198,11745.971;3918.423,11730.796;3964.502,11715.370;4010.603,11699.802;4056.530,11684.061;4102.359,11668.120;4148.213,11651.971;4194.140,11635.697;4239.670,11619.194;4285.398,11602.521;4331.052,11585.674;4376.455,11568.647;4421.983,11551.474;4467.440,11534.128;4512.570,11516.532;4557.899,11498.760;4603.101,11480.900;4648.187,11462.784;4693.289,11444.523;4738.220,11426.093;4783.050,11407.462;4827.980,11388.691;4872.642,11369.692;4917.343,11350.534;4961.875,11331.207;5006.507,11311.737;5050.869,11292.041;5095.271,11272.185;5139.504,11252.161;5183.704,11232.005;5227.801,11211.598;5271.903,11191.044;5315.837,11170.322;5359.738,11149.469;5403.472,11128.448;5447.239,11107.212;5490.876,11085.793;5534.410,11064.174;5577.911,11042.423;5621.249,11020.505;5664.549,10998.455;5707.621,10976.172;5750.856,10953.706;5793.958,10931.157;5836.699,10908.394;5879.634,10885.429;5922.372,10862.315;5965.075,10839.069;6007.614,10815.657;6050.053,10792.045;6092.528,10768.215;6134.796,10744.290;6176.937,10720.180;6219.175,10695.916;6261.080,10671.527;6303.059,10646.899;6344.765,10622.114;6386.605,10597.150;6428.172,10572.129;6469.692,10546.838;6511.059,10521.420;6552.440,10495.793;6593.607,10470.075;6634.790,10444.149;6675.756,10418.133;6716.739,10391.908;6757.450,10365.531;6798.096,10338.930;6838.839,10312.167;6879.307,10285.355;6919.655,10258.356;6959.904,10231.157;7000.110,10203.821;7040.160,10176.324;7080.110,10148.627;7120.017,10120.792;7159.768,10092.796;7199.336,10064.690;7238.927,10036.367;7278.295,10007.962;7317.549,9979.368;7356.756,9950.636;7395.811,9921.743;7434.766,9892.651;7473.674,9863.420;7512.343,9834.119;7551.039,9804.598;7589.456,9774.938;7627.865,9745.108;7666.123,9715.119;7704.193,9685.022;7742.292,9654.701;7780.162,9624.305;7817.923,9593.718;7855.633,9562.991;7893.103,9532.196;7930.606,9501.177;7967.828,9470.025;8005.040,9438.699;8042.104,9407.214;8078.975,9375.624;8115.787,9343.899;8152.455,9312.015;8189.065,9279.992;8225.392,9247.845;8261.846,9215.486;8297.832,9183.076;8333.986,9150.418;8369.860,9117.731;8405.631,9084.851;8441.345,9051.830;8473.756,9021.513
短控制列表:
10,0,0,0,0,0,0,0,0,0,0,0,0,0,0,0,0,0,0,0,0,0,0,0,0,0,0,0,0,0,0,0,0,0,0,0,0,0,0,0,0,0,0,0,0,0,0,0,0,0,0,0,0,0,0,0,0,0,0,0,0,0,0,0,0,0,0,0,0,0,0,0,0,0,0,0,0,0,0,0,0,0,0,0,0,0,0,0,0,0,0,0,0,0,0,0,0,0,0,0,0,0,0,0,0,0,0,0,0,0,0,0,0,0,0,0,0,0,0,0,0,0,0,0,0,0,0,0,0,0,0,0,0,0,0,0,0,0,0,0,0,0,0,0,0,0,0,0,0,0,0,0,0,0,0,0,0,0,0,0,0,0,0,0,0,0,0,0,0,0,0,0,0,0,0,0,0,0,0,0,0,0,0,0,0,0,0,0,0,0,10,10,0,0,0,0,0,0,0,0,0,0,0,0,0,0,0,0,0,0,0,0,0,0,0,0,0,0,0,0,0,0,0,0,0,0,0,0,0,0,0,0,0,0,0,0,0,0,0,0,0,0,0,0,0,0,0,0,0,0,0,0,0,0,0,0,0,0,0,0,0,0,0,0,0,0,0,0,0,0,0,0,0,0,0,0,0,0,0,0,0,0,0,0,0,0,0,0,0,0,0,0,0,0,0,0,0,0,0,0,0,0,0,0,0,0,0,0,0,0,0,0,0,0,0,0,0,0,0,0,0,0,0,0,0,0,0,0,0,0,0,0,0,0,0,0,0,0,0,0,0,0,0,0,0,0,0,0,0,0,0,0,10
短控制列表2:
45,0,0,0,0,0,0,0,0,0,0,0,0,0,0,0,0,0,0,0,0,0,0,0,0,0,0,0,0,0,0,0,0,0,0,0,0,0,0,0,0,0,0,0,0,0,0,0,0,0,0,0,0,0,0,0,0,0,0,0,0,0,0,0,0,0,0,0,0,0,0,0,0,0,0,0,0,0,0,0,0,0,0,0,0,0,0,0,0,0,0,0,0,0,0,0,0,0,0,0,0,0,0,0,0,0,0,0,0,0,0,0,0,0,0,0,0,0,0,0,0,0,0,0,0,0,0,0,0,0,0,0,0,0,0,0,0,0,0,0,0,0,0,0,0,0,0,0,0,0,0,0,0,0,0,0,0,0,0,0,0,0,0,0,0,0,0,0,0,0,0,0,0,0,0,0,0,0,0,0,0,0,0,0,0,0,0,0,0,0,45,45,0,0,0,0,0,0,0,0,0,0,0,0,0,0,0,0,0,0,0,0,0,0,0,0,0,0,0,0,0,0,0,0,0,0,0,0,0,0,0,0,0,0,0,0,0,0,0,0,0,0,0,0,0,0,0,0,0,0,0,0,0,0,0,0,0,0,0,0,0,0,0,0,0,0,0,0,0,0,0,0,0,0,0,0,0,0,0,0,0,0,0,0,0,0,0,0,0,0,0,0,0,0,0,0,0,0,0,0,0,0,0,0,0,0,0,0,0,0,0,0,0,0,0,0,0,0,0,0,0,0,0,0,0,0,0,0,0,0,0,0,0,0,0,0,0,0,0,0,0,0,0,0,0,0,0,0,0,0,0,0,45
短控制列表3:
10,0,0,0,0,0,0,0,0,0,0,0,0,0,0,0,0,0,0,0,0,0,0,0,0,0,0,0,0,0,0,0,0,0,0,0,0,0,0,0,0,0,0,0,0,0,0,0,0,0,0,0,0,0,0,0,0,0,0,0,0,0,0,0,0,0,0,0,0,0,0,0,0,0,0,0,0,0,0,0,0,0,0,0,0,0,0,0,0,0,0,0,0,0,0,0,0,0,0,0,0,0,0,0,0,0,0,0,0,0,0,0,0,0,0,0,0,0,0,0,0,0,0,0,0,0,0,0,0,0,0,0,0,0,0,0,0,0,0,0,0,0,0,0,0,0,0,0,0,0,0,0,0,0,0,0,0,0,0,0,0,0,0,0,0,0,0,0,0,0,0,0,0,0,0,0,0,0,0,0,0,0,0,0,0,0,0,0,0,0,10,10,0,0,0,0,0,0,0,0,0,0,0,0,0,0,0,0,0,0,0,0,0,0,0,0,0,0,0,0,0,0,0,0,0,0,0,0,0,0,0,0,0,0,0,0,0,0,0,0,0,0,0,0,0,0,0,0,0,0,0,0,0,0,0,0,0,0,0,0,0,0,0,0,0,0,0,0,0,0,0,0,0,0,0,0,0,0,0,0,0,0,0,0,0,0,0,0,0,0,0,0,0,0,0,0,0,0,0,0,0,0,0,0,0,0,0,0,0,0,0,0,0,0,0,0,0,0,0,0,0,0,0,0,0,0,0,0,0,0,0,0,0,0,0,0,0,0,0,0,0,0,0,0,0,0,0,0,0,0,0,0,10
短控制列表4:
65,0,0,0,0,0,0,0,0,0,0,0,0,0,0,0,0,0,0,0,0,0,0,0,0,0,0,0,0,0,0,0,0,0,0,0,0,0,0,0,0,0,0,0,0,0,0,0,0,0,0,0,0,0,0,0,0,0,0,0,0,0,0,0,0,0,0,0,0,0,0,0,0,0,0,0,0,0,0,0,0,0,0,0,0,0,0,0,0,0,0,0,0,0,0,0,0,0,0,0,0,0,0,0,0,0,0,0,0,0,0,0,0,0,0,0,0,0,0,0,0,0,0,0,0,0,0,0,0,0,0,0,0,0,0,0,0,0,0,0,0,0,0,0,0,0,0,0,0,0,0,0,0,0,0,0,0,0,0,0,0,0,0,0,0,0,0,0,0,0,0,0,0,0,0,0,0,0,0,0,0,0,0,0,0,0,0,0,0,0,65,65,0,0,0,0,0,0,0,0,0,0,0,0,0,0,0,0,0,0,0,0,0,0,0,0,0,0,0,0,0,0,0,0,0,0,0,0,0,0,0,0,0,0,0,0,0,0,0,0,0,0,0,0,0,0,0,0,0,0,0,0,0,0,0,0,0,0,0,0,0,0,0,0,0,0,0,0,0,0,0,0,0,0,0,0,0,0,0,0,0,0,0,0,0,0,0,0,0,0,0,0,0,0,0,0,0,0,0,0,0,0,0,0,0,0,0,0,0,0,0,0,0,0,0,0,0,0,0,0,0,0,0,0,0,0,0,0,0,0,0,0,0,0,0,0,0,0,0,0,0,0,0,0,0,0,0,0,0,0,0,0,65
加长控制列表:
0,0,0,0,0,0,0,0,0,0,0,0,0,0,0,0,0,0,0,0,0,0,0,0,0,0,0,0,0,0,0,0,0,0,0,0,0,0,0,0,0,0,0,0,0,0,0,0,0,0,0,0,0,0,0,0,0,0,0,0,0,0,0,0,0,0,0,0,0,0,0,0,0,0,0,0,0,0,0,0,0,0,0,0,0,0,0,0,0,0,0,0,0,0,0,0,0,0,0,0,0,0,0,0,0,0,0,0,0,0,0,0,0,0,0,0,0,0,0,0,0,0,0,0,0,0,0,0,0,0,0,0,0,0,0,0,0,0,0,0,0,0,0,0,0,0,0,0,0,0,0,0,0,0,0,0,0,0,0,0,0,0,0,0,0,0,0,0,0,0,0,0,0,0,0,0,0,0,0,0,0,0,0,0,0,0,0,0,0,0,0,0,0,0,0,0,0,0,0,0,0,0,0,0,0,0,0,0,0,0,0,0,0,0,0,0,0,0,0,0,0,0,0,0,0,0,0,0,0,0,0,0,0,0,0,0,0,0,0,0,0,0,0,0,0,0,0,0,0,0,0,0,0,0,0,0,0,0,0,0,0,0,0,0,0,0,0,0,0,0,0,0,0,0,0,0,0,0,0,0,0,0,0,0,0,0,0,0,0,0,0,0,0,0,0,0,0,0,0,0,0,0,0,0,0,0,0,0,0,0,0,0,0,0,0,0,0,0,0,0,0,0,0,0,0,0,0,0,0,0,0,0,0,0,0,0,0,0,0,0,0,0,0,0,0,0,0,0,0,0,0,0,0,65,0,0,0,0,0,0,0,0,0,0,0,0,0,0,0,0,0,0,0,0,0,0,0,0,0,0,0,0,0,0,0,0,0,0,0,0,0,0,0,0,0,0,0,0,0,0,0,0,0,0,0,0,0,0,0,0,0,0,0,0,0,0,0,0,0,0,0,0,0,0,0,0,0,0,0,0,0,0,0,0,0,0,0,0,0,0,0,0,0,0,0,0,0,0,0,0,0,0,0,0,0,0,0,0,0,0,0,0,0,0,0,0,0,0,0,0,0,0,0,0,0,0,0,0,0,0,0,0,0,0,0,0,0,0,0,0,0,0,0,0,0,0,0,0,0,0,0,0,0,0,0,0,0,0,0,0,0,0,0,0,0,0,0,0,0,0,0,0,0,0,0,0,0,0,0,0,0,0,0,0,0,0,0,0,0,0,0,0,0,65,65,0,0,0,0,0,0,0,0,0,0,0,0,0,0,0,0,0,0,0,0,0,0,0,0,0,0,0,0,0,0,0,0,0,0,0,0,0,0,0,0,0,0,0,0,0,0,0,0,0,0,0,0,0,0,0,0,0,0,0,0,0,0,0,0,0,0,0,0,0,0,0,0,0,0,0,0,0,0,0,0,0,0,0,0,0,0,0,0,0,0,0,0,0,0,0,0,0,0,0,0,0,0,0,0,0,0,0,0,0,0,0,0,0,0,0,0,0,0,0,0,0,0,0,0,0,0,0,0,0,0,0,0,0,0,0,0,0,0,0,0,0,0,0,0,0,0,0,0,0,0,0,0,0,0,0,0,0,0,0,0,65
