顶点列表:
10710.636,11597.803;10693.995,11613.126;10653.419,11650.295;10612.743,11687.365;10571.791,11724.303;10530.814,11761.072;10489.561,11797.708;10448.420,11834.144;10406.966,11870.480;10365.489,11906.648;10282.133,11978.582;10240.135,12014.352;10198.022,12049.949;10155.979,12085.385;10113.623,12120.717;10071.378,12155.853;10028.685,12190.913;9986.141,12225.749;9943.418,12260.449;9900.503,12295.042;9857.479,12329.442;9814.399,12363.706;9771.174,12397.805;9727.758,12431.796;9684.232,12465.594;9640.787,12499.229;9596.890,12532.781;9553.145,12566.115;9509.216,12599.313;9465.100,12632.400;9421.007,12665.270;9376.643,12697.991;9332.261,12730.552;9287.778,12763.012;9243.149,12795.306;9198.284,12827.425;9153.535,12859.360;9108.605,12891.153;9063.487,12922.835;9018.255,12954.327;8972.922,12985.619;8927.540,13016.777;8882.056,13047.834;8836.423,13078.724;8790.689,13109.415;8744.854,13139.904;8698.970,13170.260;8652.853,13200.538;8606.700,13230.538;8560.433,13260.481;8514.079,13290.180;8467.561,13319.755;8421.057,13349.121;8374.339,13378.395;8327.635,13407.460;8280.664,13436.366;8233.811,13465.099;8186.640,13493.703;8139.453,13522.155;8092.248,13550.419;8044.776,13578.521;7997.422,13606.453;7902.196,13661.785;7854.269,13689.216;7806.514,13716.448;7758.573,13743.528;7710.455,13770.494;7662.344,13797.256;7614.102,13823.835;7565.815,13850.282;7517.372,13876.560;7468.831,13902.637;7420.185,13928.514;7371.629,13954.244;7322.755,13979.836;7273.940,14005.196;7224.923,14030.456;7175.908,14055.515;7126.763,14080.389;7077.576,14105.133;7028.230,14129.706;6978.913,14154.064;6929.338,14178.250;6879.880,14202.279;6830.233,14226.150;6780.486,14249.820;6730.638,14273.290;6680.752,14296.630;6630.832,14319.786;6580.656,14342.767;6530.595,14365.595;6480.348,14388.262;6430.127,14410.716;6379.651,14432.994;6329.290,14455.121;6278.680,14477.013;6228.092,14498.751;6177.469,14520.303;6126.781,14541.741;6075.931,14563.004;5974.119,14604.892;5922.881,14625.589;5871.944,14646.104;5820.605,14666.399;5769.442,14686.524;5718.154,14706.558;5666.638,14726.341;5615.276,14745.966;5563.725,14765.423;5512.073,14784.680;5460.321,14803.736;5408.593,14822.583;5356.929,14841.307;5304.953,14859.870;5253.024,14878.216;5201.095,14896.361;5148.919,14914.322;5096.977,14932.137;5044.702,14949.797;4992.470,14967.240;4940.118,14984.491;4887.787,15001.534;4835.399,15018.461;4782.781,15035.132;4730.314,15051.653;4677.780,15067.995;4625.128,15084.142;4572.441,15100.170;4519.520,15115.935;4466.875,15131.549;4413.900,15147.000;4360.967,15162.239;4308.031,15177.277;4254.977,15192.121;4201.891,15206.845;4148.688,15221.301;4095.619,15235.619;4042.367,15249.760;3989.012,15263.701;3935.676,15277.437;3882.338,15290.971;3828.953,15304.393;3775.329,15317.547;3721.979,15330.561;3668.307,15343.402;3614.786,15356.031;3561.016,15368.471;3507.394,15380.700;3453.708,15392.819;3399.784,15404.668;3346.015,15416.383;3292.107,15427.829;3238.221,15439.146;3184.283,15450.275;3130.343,15461.203;3076.359,15472.020;3022.248,15482.562;2968.165,15492.978;2913.954,15503.118;2859.884,15513.131;2805.743,15522.957;2751.489,15532.585;2697.135,15542.012;2642.906,15551.234;2588.552,15560.260;2534.211,15569.083;2479.828,15577.796;2425.315,15586.230;2370.944,15594.541;2316.502,15602.662;2261.949,15610.585;2207.405,15618.304;2152.864,15625.825;2098.210,15633.146;2043.677,15640.265;1989.095,15647.274;1934.272,15654.002;1879.709,15660.610;1824.885,15666.936;1770.213,15673.145;1715.469,15679.161;1660.725,15684.976;1605.874,15690.592;1551.137,15696.006;1496.285,15701.220;1441.441,15706.234;1386.563,15711.141;1331.652,15715.759;1276.774,15720.266;1221.862,15724.483;1166.984,15728.589;1112.040,15732.499;1057.095,15736.209;1002.046,15739.719;947.105,15743.028;892.054,15746.136;837.115,15749.045;782.137,15751.848;727.020,15754.359;672.047,15756.762;617.032,15758.871;562.055,15760.873;506.908,15762.679;451.865,15764.283;396.747,15765.589;341.774,15766.790;286.627,15767.793;231.655,15768.694;176.538,15769.298;140.000,15769.564;140.000,18609.623;144.400,18609.601;204.065,18609.101;263.698,18608.502;323.298,18607.605;383.031,18606.606;442.631,18605.309;502.263,18603.912;561.929,18602.314;621.530,18600.420;681.161,18598.422;740.829,18596.227;800.393,18593.832;859.960,18591.238;919.696,18588.541;979.192,18585.550;1038.759,18582.357;1098.392,18579.061;1157.788,18575.473;1217.426,18571.777;1276.992,18567.885;1336.388,18563.699;1396.026,18559.403;1455.488,18554.914;1515.023,18550.319;1574.422,18545.435;1633.784,18540.346;1693.257,18535.057;1752.684,18529.663;1811.986,18523.982;1871.419,18518.189;1930.788,18512.202;1990.153,18506.015;2049.348,18499.537;2108.683,18492.945;2168.017,18486.252;2227.218,18479.275;2286.487,18472.091;2345.647,18464.708;2404.880,18457.215;2464.050,18449.533;2523.152,18441.559;2582.278,18433.469;2641.346,18425.187;2700.415,18416.706;2759.374,18408.026;2818.453,18399.145;2877.368,18390.157;2936.282,18380.886;2995.206,18371.498;3054.122,18361.828;3112.934,18352.042;3171.816,18342.062;3230.575,18331.887;3289.344,18321.508;3348.004,18310.934;3406.674,18300.158;3465.409,18289.270;3523.903,18278.109;3582.539,18266.821;3641.110,18255.346;3699.569,18243.675;3758.038,18231.800;3816.511,18219.726;3874.870,18207.456;3933.128,18194.986;3991.578,18182.397;4049.772,18169.542;4107.994,18156.559;4166.167,18143.387;4224.340,18130.017;4282.399,18116.449;4340.535,18102.764;4398.430,18088.813;4456.466,18074.728;4514.376,18060.375;4572.300,18045.894;4630.058,18031.230;4687.831,18016.362;4745.668,18001.378;4803.264,17986.132;4860.885,17970.753;4918.398,17955.103;4976.036,17939.320;5033.494,17923.359;5090.970,17907.194;5148.391,17890.916;5205.587,17874.375;5262.926,17857.693;5320.204,17840.829;5377.244,17823.776;5434.438,17806.507;5491.379,17789.056;5548.537,17771.469;5605.316,17753.638;5662.255,17735.657;5719.133,17717.495;5775.893,17699.140;5832.552,17680.586;5889.291,17661.906;5945.851,17643.053;6002.310,17624.000;6058.791,17604.741;6115.270,17585.282;6171.510,17565.637;6227.850,17545.858;6284.131,17525.900;6340.170,17505.758;6396.252,17485.400;6452.334,17464.844;6508.231,17444.181;6564.236,17423.317;6619.975,17402.278;6675.757,17381.022;6731.477,17359.652;6786.981,17338.029;6842.620,17316.251;6898.083,17294.306;6953.503,17272.239;7008.705,17249.917;7064.049,17227.440;7119.210,17204.796;7174.396,17181.943;7229.335,17158.911;7284.378,17135.735;7339.241,17112.394;7394.127,17088.841;7448.822,17065.186;7503.453,17041.260;7558.073,17017.195;7612.661,16992.945;7667.055,16968.592;7721.388,16943.967;7775.708,16919.204;7829.870,16894.266;7883.991,16869.203;7938.026,16843.880;7991.919,16818.429;8045.811,16792.782;8099.629,16767.020;8153.421,16741.072;8206.961,16714.950;8260.553,16688.603;8313.892,16662.083;8367.338,16635.410;8420.604,16608.577;8473.824,16581.617;8527.017,16554.470;8579.958,16527.153;8632.952,16499.607;8685.693,16471.891;8738.540,16444.019;8791.261,16416.061;8843.775,16387.859;8896.297,16359.502;8948.665,16330.974;9000.985,16302.317;9105.403,16244.418;9157.292,16215.234;9209.214,16185.880;9261.112,16156.337;9312.754,16126.628;9364.503,16096.757;9416.074,16066.732;9467.466,16036.595;9518.867,16006.254;9570.138,15975.730;9621.310,15945.006;9672.302,15914.171;9723.304,15883.131;9774.226,15851.979;9824.999,15820.657;9875.542,15789.154;9926.194,15757.484;9976.668,15725.663;10027.090,15693.712;10077.234,15661.612;10127.439,15629.272;10227.483,15564.173;10277.182,15531.405;10327.036,15498.436;10376.581,15465.339;10426.235,15432.070;10475.581,15398.673;10524.857,15365.057;10574.082,15331.309;10623.158,15297.393;10672.183,15263.346;10721.063,15229.131;10769.753,15194.807;10818.464,15160.270;10866.913,15125.578;10915.468,15090.709;10963.760,15055.787;11011.942,15020.673;11060.022,14985.361;11108.047,14949.916;11155.929,14914.304;11203.579,14878.516;11251.336,14842.548;11298.829,14806.529;11346.212,14770.318;11393.537,14733.975;11440.721,14697.464;11487.673,14660.780;11534.731,14623.913;11581.525,14586.996;11628.210,14549.887;11674.796,14512.578;11721.190,14475.163;11767.649,14437.596;11813.803,14399.915;11859.890,14362.007;11905.918,14323.967;11951.711,14285.855;11997.535,14247.520;12043.128,14209.109;12088.617,14170.503;12179.274,14092.825;12224.331,14053.849;12269.321,14014.643;12314.117,13975.334;12358.942,13935.801;12403.538,13896.193;12448.067,13856.455;12492.327,13816.582;12536.556,13776.545;12580.650,13736.342;12624.680,13696.006;12668.477,13655.600;12712.172,13614.998;12720.270,13607.437
短控制列表:
10,0,0,0,0,0,0,0,0,0,0,0,0,0,0,0,0,0,0,0,0,0,0,0,0,0,0,0,0,0,0,0,0,0,0,0,0,0,0,0,0,0,0,0,0,0,0,0,0,0,0,0,0,0,0,0,0,0,0,0,0,0,0,0,0,0,0,0,0,0,0,0,0,0,0,0,0,0,0,0,0,0,0,0,0,0,0,0,0,0,0,0,0,0,0,0,0,0,0,0,0,0,0,0,0,0,0,0,0,0,0,0,0,0,0,0,0,0,0,0,0,0,0,0,0,0,0,0,0,0,0,0,0,0,0,0,0,0,0,0,0,0,0,0,0,0,0,0,0,0,0,0,0,0,0,0,0,0,0,0,0,0,0,0,0,0,0,0,0,0,0,0,0,0,0,0,0,0,0,0,0,0,0,0,0,0,0,0,0,0,0,0,0,0,0,0,0,0,0,0,0,0,0,0,0,0,0,0,0,0,0,0,0,0,0,0,0,0,0,0,0,0,0,0,0,0,0,0,0,0,0,10,10,0,0,0,0,0,0,0,0,0,0,0,0,0,0,0,0,0,0,0,0,0,0,0,0,0,0,0,0,0,0,0,0,0,0,0,0,0,0,0,0,0,0,0,0,0,0,0,0,0,0,0,0,0,0,0,0,0,0,0,0,0,0,0,0,0,0,0,0,0,0,0,0,0,0,0,0,0,0,0,0,0,0,0,0,0,0,0,0,0,0,0,0,0,0,0,0,0,0,0,0,0,0,0,0,0,0,0,0,0,0,0,0,0,0,0,0,0,0,0,0,0,0,0,0,0,0,0,0,0,0,0,0,0,0,0,0,0,0,0,0,0,0,0,0,0,0,0,0,0,0,0,0,0,0,0,0,0,0,0,0,0,0,0,0,0,0,0,0,0,0,0,0,0,0,0,0,0,0,0,0,0,0,0,0,0,0,0,0,0,0,0,0,0,0,0,0,0,0,0,0,0,0,0,0,0,0,0,0,10
短控制列表2:
45,0,0,0,0,0,0,0,0,0,0,0,0,0,0,0,0,0,0,0,0,0,0,0,0,0,0,0,0,0,0,0,0,0,0,0,0,0,0,0,0,0,0,0,0,0,0,0,0,0,0,0,0,0,0,0,0,0,0,0,0,0,0,0,0,0,0,0,0,0,0,0,0,0,0,0,0,0,0,0,0,0,0,0,0,0,0,0,0,0,0,0,0,0,0,0,0,0,0,0,0,0,0,0,0,0,0,0,0,0,0,0,0,0,0,0,0,0,0,0,0,0,0,0,0,0,0,0,0,0,0,0,0,0,0,0,0,0,0,0,0,0,0,0,0,0,0,0,0,0,0,0,0,0,0,0,0,0,0,0,0,0,0,0,0,0,0,0,0,0,0,0,0,0,0,0,0,0,0,0,0,0,0,0,0,0,0,0,0,0,0,0,0,0,0,0,0,0,0,0,0,0,0,0,0,0,0,0,0,0,0,0,0,0,0,0,0,0,0,0,0,0,0,0,0,0,0,0,0,0,0,45,45,0,0,0,0,0,0,0,0,0,0,0,0,0,0,0,0,0,0,0,0,0,0,0,0,0,0,0,0,0,0,0,0,0,0,0,0,0,0,0,0,0,0,0,0,0,0,0,0,0,0,0,0,0,0,0,0,0,0,0,0,0,0,0,0,0,0,0,0,0,0,0,0,0,0,0,0,0,0,0,0,0,0,0,0,0,0,0,0,0,0,0,0,0,0,0,0,0,0,0,0,0,0,0,0,0,0,0,0,0,0,0,0,0,0,0,0,0,0,0,0,0,0,0,0,0,0,0,0,0,0,0,0,0,0,0,0,0,0,0,0,0,0,0,0,0,0,0,0,0,0,0,0,0,0,0,0,0,0,0,0,0,0,0,0,0,0,0,0,0,0,0,0,0,0,0,0,0,0,0,0,0,0,0,0,0,0,0,0,0,0,0,0,0,0,0,0,0,0,0,0,0,0,0,0,0,0,0,0,45
短控制列表3:
10,0,0,0,0,0,0,0,0,0,0,0,0,0,0,0,0,0,0,0,0,0,0,0,0,0,0,0,0,0,0,0,0,0,0,0,0,0,0,0,0,0,0,0,0,0,0,0,0,0,0,0,0,0,0,0,0,0,0,0,0,0,0,0,0,0,0,0,0,0,0,0,0,0,0,0,0,0,0,0,0,0,0,0,0,0,0,0,0,0,0,0,0,0,0,0,0,0,0,0,0,0,0,0,0,0,0,0,0,0,0,0,0,0,0,0,0,0,0,0,0,0,0,0,0,0,0,0,0,0,0,0,0,0,0,0,0,0,0,0,0,0,0,0,0,0,0,0,0,0,0,0,0,0,0,0,0,0,0,0,0,0,0,0,0,0,0,0,0,0,0,0,0,0,0,0,0,0,0,0,0,0,0,0,0,0,0,0,0,0,0,0,0,0,0,0,0,0,0,0,0,0,0,0,0,0,0,0,0,0,0,0,0,0,0,0,0,0,0,0,0,0,0,0,0,0,0,0,0,0,0,10,10,0,0,0,0,0,0,0,0,0,0,0,0,0,0,0,0,0,0,0,0,0,0,0,0,0,0,0,0,0,0,0,0,0,0,0,0,0,0,0,0,0,0,0,0,0,0,0,0,0,0,0,0,0,0,0,0,0,0,0,0,0,0,0,0,0,0,0,0,0,0,0,0,0,0,0,0,0,0,0,0,0,0,0,0,0,0,0,0,0,0,0,0,0,0,0,0,0,0,0,0,0,0,0,0,0,0,0,0,0,0,0,0,0,0,0,0,0,0,0,0,0,0,0,0,0,0,0,0,0,0,0,0,0,0,0,0,0,0,0,0,0,0,0,0,0,0,0,0,0,0,0,0,0,0,0,0,0,0,0,0,0,0,0,0,0,0,0,0,0,0,0,0,0,0,0,0,0,0,0,0,0,0,0,0,0,0,0,0,0,0,0,0,0,0,0,0,0,0,0,0,0,0,0,0,0,0,0,0,10
短控制列表4:
65,0,0,0,0,0,0,0,0,0,0,0,0,0,0,0,0,0,0,0,0,0,0,0,0,0,0,0,0,0,0,0,0,0,0,0,0,0,0,0,0,0,0,0,0,0,0,0,0,0,0,0,0,0,0,0,0,0,0,0,0,0,0,0,0,0,0,0,0,0,0,0,0,0,0,0,0,0,0,0,0,0,0,0,0,0,0,0,0,0,0,0,0,0,0,0,0,0,0,0,0,0,0,0,0,0,0,0,0,0,0,0,0,0,0,0,0,0,0,0,0,0,0,0,0,0,0,0,0,0,0,0,0,0,0,0,0,0,0,0,0,0,0,0,0,0,0,0,0,0,0,0,0,0,0,0,0,0,0,0,0,0,0,0,0,0,0,0,0,0,0,0,0,0,0,0,0,0,0,0,0,0,0,0,0,0,0,0,0,0,0,0,0,0,0,0,0,0,0,0,0,0,0,0,0,0,0,0,0,0,0,0,0,0,0,0,0,0,0,0,0,0,0,0,0,0,0,0,0,0,0,65,65,0,0,0,0,0,0,0,0,0,0,0,0,0,0,0,0,0,0,0,0,0,0,0,0,0,0,0,0,0,0,0,0,0,0,0,0,0,0,0,0,0,0,0,0,0,0,0,0,0,0,0,0,0,0,0,0,0,0,0,0,0,0,0,0,0,0,0,0,0,0,0,0,0,0,0,0,0,0,0,0,0,0,0,0,0,0,0,0,0,0,0,0,0,0,0,0,0,0,0,0,0,0,0,0,0,0,0,0,0,0,0,0,0,0,0,0,0,0,0,0,0,0,0,0,0,0,0,0,0,0,0,0,0,0,0,0,0,0,0,0,0,0,0,0,0,0,0,0,0,0,0,0,0,0,0,0,0,0,0,0,0,0,0,0,0,0,0,0,0,0,0,0,0,0,0,0,0,0,0,0,0,0,0,0,0,0,0,0,0,0,0,0,0,0,0,0,0,0,0,0,0,0,0,0,0,0,0,0,65
加长控制列表:
0,0,0,0,0,0,0,0,0,0,0,0,0,0,0,0,0,0,0,0,0,0,0,0,0,0,0,0,0,0,0,0,0,0,0,0,0,0,0,0,0,0,0,0,0,0,0,0,0,0,0,0,0,0,0,0,0,0,0,0,0,0,0,0,0,0,0,0,0,0,0,0,0,0,0,0,0,0,0,0,0,0,0,0,0,0,0,0,0,0,0,0,0,0,0,0,0,0,0,0,0,0,0,0,0,0,0,0,0,0,0,0,0,0,0,0,0,0,0,0,0,0,0,0,0,0,0,0,0,0,0,0,0,0,0,0,0,0,0,0,0,0,0,0,0,0,0,0,0,0,0,0,0,0,0,0,0,0,0,0,0,0,0,0,0,0,0,0,0,0,0,0,0,0,0,0,0,0,0,0,0,0,0,0,0,0,0,0,0,0,0,0,0,0,0,0,0,0,0,0,0,0,0,0,0,0,0,0,0,0,0,0,0,0,0,0,0,0,0,0,0,0,0,0,0,0,0,0,0,0,0,0,0,0,0,0,0,0,0,0,0,0,0,0,0,0,0,0,0,0,0,0,0,0,0,0,0,0,0,0,0,0,0,0,0,0,0,0,0,0,0,0,0,0,0,0,0,0,0,0,0,0,0,0,0,0,0,0,0,0,0,0,0,0,0,0,0,0,0,0,0,0,0,0,0,0,0,0,0,0,0,0,0,0,0,0,0,0,0,0,0,0,0,0,0,0,0,0,0,0,0,0,0,0,0,0,0,0,0,0,0,0,0,0,0,0,0,0,0,0,0,0,0,0,0,0,0,0,0,0,0,0,0,0,0,0,0,0,0,0,0,0,0,0,0,0,0,0,0,0,0,0,0,0,0,0,0,0,0,0,0,0,0,0,0,0,0,0,0,0,0,0,0,0,0,0,0,0,0,0,0,0,0,0,0,0,0,0,0,0,0,0,0,0,0,0,0,0,0,0,0,0,0,0,0,0,0,0,0,0,0,0,65,0,0,0,0,0,0,0,0,0,0,0,0,0,0,0,0,0,0,0,0,0,0,0,0,0,0,0,0,0,0,0,0,0,0,0,0,0,0,0,0,0,0,0,0,0,0,0,0,0,0,0,0,0,0,0,0,0,0,0,0,0,0,0,0,0,0,0,0,0,0,0,0,0,0,0,0,0,0,0,0,0,0,0,0,0,0,0,0,0,0,0,0,0,0,0,0,0,0,0,0,0,0,0,0,0,0,0,0,0,0,0,0,0,0,0,0,0,0,0,0,0,0,0,0,0,0,0,0,0,0,0,0,0,0,0,0,0,0,0,0,0,0,0,0,0,0,0,0,0,0,0,0,0,0,0,0,0,0,0,0,0,0,0,0,0,0,0,0,0,0,0,0,0,0,0,0,0,0,0,0,0,0,0,0,0,0,0,0,0,0,0,0,0,0,0,0,0,0,0,0,0,0,0,0,0,0,0,0,0,0,0,0,0,0,0,0,0,0,0,0,0,0,0,0,0,0,0,0,0,0,65,65,0,0,0,0,0,0,0,0,0,0,0,0,0,0,0,0,0,0,0,0,0,0,0,0,0,0,0,0,0,0,0,0,0,0,0,0,0,0,0,0,0,0,0,0,0,0,0,0,0,0,0,0,0,0,0,0,0,0,0,0,0,0,0,0,0,0,0,0,0,0,0,0,0,0,0,0,0,0,0,0,0,0,0,0,0,0,0,0,0,0,0,0,0,0,0,0,0,0,0,0,0,0,0,0,0,0,0,0,0,0,0,0,0,0,0,0,0,0,0,0,0,0,0,0,0,0,0,0,0,0,0,0,0,0,0,0,0,0,0,0,0,0,0,0,0,0,0,0,0,0,0,0,0,0,0,0,0,0,0,0,0,0,0,0,0,0,0,0,0,0,0,0,0,0,0,0,0,0,0,0,0,0,0,0,0,0,0,0,0,0,0,0,0,0,0,0,0,0,0,0,0,0,0,0,0,0,0,0,65
