10710.63600	11597.80300
10693.99500	11613.12600
10653.41900	11650.29500
10612.74300	11687.36500
10571.79100	11724.30300
10530.81400	11761.07200
10489.56100	11797.70800
10448.42000	11834.14400
10406.96600	11870.48000
10365.48900	11906.64800
10282.13300	11978.58200
10240.13500	12014.35200
10198.02200	12049.94900
10155.97900	12085.38500
10113.62300	12120.71700
10071.37800	12155.85300
10028.68500	12190.91300
9986.14100	12225.74900
9943.41800	12260.44900
9900.50300	12295.04200
9857.47900	12329.44200
9814.39900	12363.70600
9771.17400	12397.80500
9727.75800	12431.79600
9684.23200	12465.59400
9640.78700	12499.22900
9596.89000	12532.78100
9553.14500	12566.11500
9509.21600	12599.31300
9465.10000	12632.40000
9421.00700	12665.27000
9376.64300	12697.99100
9332.26100	12730.55200
9287.77800	12763.01200
9243.14900	12795.30600
9198.28400	12827.42500
9153.53500	12859.36000
9108.60500	12891.15300
9063.48700	12922.83500
9018.25500	12954.32700
8972.92200	12985.61900
8927.54000	13016.77700
8882.05600	13047.83400
8836.42300	13078.72400
8790.68900	13109.41500
8744.85400	13139.90400
8698.97000	13170.26000
8652.85300	13200.53800
8606.70000	13230.53800
8560.43300	13260.48100
8514.07900	13290.18000
8467.56100	13319.75500
8421.05700	13349.12100
8374.33900	13378.39500
8327.63500	13407.46000
8280.66400	13436.36600
8233.81100	13465.09900
8186.64000	13493.70300
8139.45300	13522.15500
8092.24800	13550.41900
8044.77600	13578.52100
7997.42200	13606.45300
7902.19600	13661.78500
7854.26900	13689.21600
7806.51400	13716.44800
7758.57300	13743.52800
7710.45500	13770.49400
7662.34400	13797.25600
7614.10200	13823.83500
7565.81500	13850.28200
7517.37200	13876.56000
7468.83100	13902.63700
7420.18500	13928.51400
7371.62900	13954.24400
7322.75500	13979.83600
7273.94000	14005.19600
7224.92300	14030.45600
7175.90800	14055.51500
7126.76300	14080.38900
7077.57600	14105.13300
7028.23000	14129.70600
6978.91300	14154.06400
6929.33800	14178.25000
6879.88000	14202.27900
6830.23300	14226.15000
6780.48600	14249.82000
6730.63800	14273.29000
6680.75200	14296.63000
6630.83200	14319.78600
6580.65600	14342.76700
6530.59500	14365.59500
6480.34800	14388.26200
6430.12700	14410.71600
6379.65100	14432.99400
6329.29000	14455.12100
6278.68000	14477.01300
6228.09200	14498.75100
6177.46900	14520.30300
6126.78100	14541.74100
6075.93100	14563.00400
5974.11900	14604.89200
5922.88100	14625.58900
5871.94400	14646.10400
5820.60500	14666.39900
5769.44200	14686.52400
5718.15400	14706.55800
5666.63800	14726.34100
5615.27600	14745.96600
5563.72500	14765.42300
5512.07300	14784.68000
5460.32100	14803.73600
5408.59300	14822.58300
5356.92900	14841.30700
5304.95300	14859.87000
5253.02400	14878.21600
5201.09500	14896.36100
5148.91900	14914.32200
5096.97700	14932.13700
5044.70200	14949.79700
4992.47000	14967.24000
4940.11800	14984.49100
4887.78700	15001.53400
4835.39900	15018.46100
4782.78100	15035.13200
4730.31400	15051.65300
4677.78000	15067.99500
4625.12800	15084.14200
4572.44100	15100.17000
4519.52000	15115.93500
4466.87500	15131.54900
4413.90000	15147.00000
4360.96700	15162.23900
4308.03100	15177.27700
4254.97700	15192.12100
4201.89100	15206.84500
4148.68800	15221.30100
4095.61900	15235.61900
4042.36700	15249.76000
3989.01200	15263.70100
3935.67600	15277.43700
3882.33800	15290.97100
3828.95300	15304.39300
3775.32900	15317.54700
3721.97900	15330.56100
3668.30700	15343.40200
3614.78600	15356.03100
3561.01600	15368.47100
3507.39400	15380.70000
3453.70800	15392.81900
3399.78400	15404.66800
3346.01500	15416.38300
3292.10700	15427.82900
3238.22100	15439.14600
3184.28300	15450.27500
3130.34300	15461.20300
3076.35900	15472.02000
3022.24800	15482.56200
2968.16500	15492.97800
2913.95400	15503.11800
2859.88400	15513.13100
2805.74300	15522.95700
2751.48900	15532.58500
2697.13500	15542.01200
2642.90600	15551.23400
2588.55200	15560.26000
2534.21100	15569.08300
2479.82800	15577.79600
2425.31500	15586.23000
2370.94400	15594.54100
2316.50200	15602.66200
2261.94900	15610.58500
2207.40500	15618.30400
2152.86400	15625.82500
2098.21000	15633.14600
2043.67700	15640.26500
1989.09500	15647.27400
1934.27200	15654.00200
1879.70900	15660.61000
1824.88500	15666.93600
1770.21300	15673.14500
1715.46900	15679.16100
1660.72500	15684.97600
1605.87400	15690.59200
1551.13700	15696.00600
1496.28500	15701.22000
1441.44100	15706.23400
1386.56300	15711.14100
1331.65200	15715.75900
1276.77400	15720.26600
1221.86200	15724.48300
1166.98400	15728.58900
1112.04000	15732.49900
1057.09500	15736.20900
1002.04600	15739.71900
947.10500	15743.02800
892.05400	15746.13600
837.11500	15749.04500
782.13700	15751.84800
727.02000	15754.35900
672.04700	15756.76200
617.03200	15758.87100
562.05500	15760.87300
506.90800	15762.67900
451.86500	15764.28300
396.74700	15765.58900
341.77400	15766.79000
286.62700	15767.79300
231.65500	15768.69400
176.53800	15769.29800
140.00000	15769.56400
140.00000	18609.62300
144.40000	18609.60100
204.06500	18609.10100
263.69800	18608.50200
323.29800	18607.60500
383.03100	18606.60600
442.63100	18605.30900
502.26300	18603.91200
561.92900	18602.31400
621.53000	18600.42000
681.16100	18598.42200
740.82900	18596.22700
800.39300	18593.83200
859.96000	18591.23800
919.69600	18588.54100
979.19200	18585.55000
1038.75900	18582.35700
1098.39200	18579.06100
1157.78800	18575.47300
1217.42600	18571.77700
1276.99200	18567.88500
1336.38800	18563.69900
1396.02600	18559.40300
1455.48800	18554.91400
1515.02300	18550.31900
1574.42200	18545.43500
1633.78400	18540.34600
1693.25700	18535.05700
1752.68400	18529.66300
1811.98600	18523.98200
1871.41900	18518.18900
1930.78800	18512.20200
1990.15300	18506.01500
2049.34800	18499.53700
2108.68300	18492.94500
2168.01700	18486.25200
2227.21800	18479.27500
2286.48700	18472.09100
2345.64700	18464.70800
2404.88000	18457.21500
2464.05000	18449.53300
2523.15200	18441.55900
2582.27800	18433.46900
2641.34600	18425.18700
2700.41500	18416.70600
2759.37400	18408.02600
2818.45300	18399.14500
2877.36800	18390.15700
2936.28200	18380.88600
2995.20600	18371.49800
3054.12200	18361.82800
3112.93400	18352.04200
3171.81600	18342.06200
3230.57500	18331.88700
3289.34400	18321.50800
3348.00400	18310.93400
3406.67400	18300.15800
3465.40900	18289.27000
3523.90300	18278.10900
3582.53900	18266.82100
3641.11000	18255.34600
3699.56900	18243.67500
3758.03800	18231.80000
3816.51100	18219.72600
3874.87000	18207.45600
3933.12800	18194.98600
3991.57800	18182.39700
4049.77200	18169.54200
4107.99400	18156.55900
4166.16700	18143.38700
4224.34000	18130.01700
4282.39900	18116.44900
4340.53500	18102.76400
4398.43000	18088.81300
4456.46600	18074.72800
4514.37600	18060.37500
4572.30000	18045.89400
4630.05800	18031.23000
4687.83100	18016.36200
4745.66800	18001.37800
4803.26400	17986.13200
4860.88500	17970.75300
4918.39800	17955.10300
4976.03600	17939.32000
5033.49400	17923.35900
5090.97000	17907.19400
5148.39100	17890.91600
5205.58700	17874.37500
5262.92600	17857.69300
5320.20400	17840.82900
5377.24400	17823.77600
5434.43800	17806.50700
5491.37900	17789.05600
5548.53700	17771.46900
5605.31600	17753.63800
5662.25500	17735.65700
5719.13300	17717.49500
5775.89300	17699.14000
5832.55200	17680.58600
5889.29100	17661.90600
5945.85100	17643.05300
6002.31000	17624.00000
6058.79100	17604.74100
6115.27000	17585.28200
6171.51000	17565.63700
6227.85000	17545.85800
6284.13100	17525.90000
6340.17000	17505.75800
6396.25200	17485.40000
6452.33400	17464.84400
6508.23100	17444.18100
6564.23600	17423.31700
6619.97500	17402.27800
6675.75700	17381.02200
6731.47700	17359.65200
6786.98100	17338.02900
6842.62000	17316.25100
6898.08300	17294.30600
6953.50300	17272.23900
7008.70500	17249.91700
7064.04900	17227.44000
7119.21000	17204.79600
7174.39600	17181.94300
7229.33500	17158.91100
7284.37800	17135.73500
7339.24100	17112.39400
7394.12700	17088.84100
7448.82200	17065.18600
7503.45300	17041.26000
7558.07300	17017.19500
7612.66100	16992.94500
7667.05500	16968.59200
7721.38800	16943.96700
7775.70800	16919.20400
7829.87000	16894.26600
7883.99100	16869.20300
7938.02600	16843.88000
7991.91900	16818.42900
8045.81100	16792.78200
8099.62900	16767.02000
8153.42100	16741.07200
8206.96100	16714.95000
8260.55300	16688.60300
8313.89200	16662.08300
8367.33800	16635.41000
8420.60400	16608.57700
8473.82400	16581.61700
8527.01700	16554.47000
8579.95800	16527.15300
8632.95200	16499.60700
8685.69300	16471.89100
8738.54000	16444.01900
8791.26100	16416.06100
8843.77500	16387.85900
8896.29700	16359.50200
8948.66500	16330.97400
9000.98500	16302.31700
9105.40300	16244.41800
9157.29200	16215.23400
9209.21400	16185.88000
9261.11200	16156.33700
9312.75400	16126.62800
9364.50300	16096.75700
9416.07400	16066.73200
9467.46600	16036.59500
9518.86700	16006.25400
9570.13800	15975.73000
9621.31000	15945.00600
9672.30200	15914.17100
9723.30400	15883.13100
9774.22600	15851.97900
9824.99900	15820.65700
9875.54200	15789.15400
9926.19400	15757.48400
9976.66800	15725.66300
10027.09000	15693.71200
10077.23400	15661.61200
10127.43900	15629.27200
10227.48300	15564.17300
10277.18200	15531.40500
10327.03600	15498.43600
10376.58100	15465.33900
10426.23500	15432.07000
10475.58100	15398.67300
10524.85700	15365.05700
10574.08200	15331.30900
10623.15800	15297.39300
10672.18300	15263.34600
10721.06300	15229.13100
10769.75300	15194.80700
10818.46400	15160.27000
10866.91300	15125.57800
10915.46800	15090.70900
10963.76000	15055.78700
11011.94200	15020.67300
11060.02200	14985.36100
11108.04700	14949.91600
11155.92900	14914.30400
11203.57900	14878.51600
11251.33600	14842.54800
11298.82900	14806.52900
11346.21200	14770.31800
11393.53700	14733.97500
11440.72100	14697.46400
11487.67300	14660.78000
11534.73100	14623.91300
11581.52500	14586.99600
11628.21000	14549.88700
11674.79600	14512.57800
11721.19000	14475.16300
11767.64900	14437.59600
11813.80300	14399.91500
11859.89000	14362.00700
11905.91800	14323.96700
11951.71100	14285.85500
11997.53500	14247.52000
12043.12800	14209.10900
12088.61700	14170.50300
12179.27400	14092.82500
12224.33100	14053.84900
12269.32100	14014.64300
12314.11700	13975.33400
12358.94200	13935.80100
12403.53800	13896.19300
12448.06700	13856.45500
12492.32700	13816.58200
12536.55600	13776.54500
12580.65000	13736.34200
12624.68000	13696.00600
12668.47700	13655.60000
12712.17200	13614.99800
12720.27000	13607.43700