顶点列表:
2190.323,2367.100;2188.600,2368.700;2170.200,2385.500;2151.799,2402.200;2133.200,2418.700;2114.500,2435.100;2095.700,2451.300;2076.700,2467.400;2057.600,2483.300;2038.400,2499.100;2019.100,2514.800;1999.600,2530.300;1980.100,2545.600;1960.400,2560.800;1940.600,2575.800;1920.700,2590.701;1900.600,2605.400;1880.500,2620.000;1860.200,2634.400;1839.900,2648.700;1819.400,2662.800;1798.800,2676.700;1778.100,2690.500;1757.300,2704.200;1736.400,2717.600;1715.400,2730.900;1694.300,2744.100;1673.099,2757.100;1651.800,2769.900;1630.400,2782.501;1608.901,2795.000;1587.300,2807.299;1565.600,2819.500;1543.800,2831.500;1522.000,2843.300;1500.000,2854.900;1478.000,2866.400;1455.800,2877.700;1433.600,2888.900;1411.300,2899.800;1388.901,2910.600;1366.400,2921.200;1343.800,2931.700;1321.200,2942.000;1298.500,2952.100;1275.700,2962.000;1252.800,2971.700;1229.799,2981.300;1206.800,2990.700;1183.700,2999.900;1160.601,3008.900;1137.300,3017.800;1114.000,3026.500;1090.699,3035.000;1067.199,3043.300;1043.800,3051.401;1020.200,3059.400;996.601,3067.200;972.900,3074.800;949.200,3082.200;925.400,3089.400;901.500,3096.400;877.599,3103.300;853.700,3110.000;829.700,3116.500;805.600,3122.800;781.500,3128.899;757.400,3134.800;733.200,3140.600;709.000,3146.100;684.700,3151.500;660.400,3156.700;635.999,3161.700;611.600,3166.500;587.200,3171.100;562.700,3175.501;538.200,3179.800;513.700,3183.800;489.100,3187.700;464.600,3191.400;439.900,3194.900;415.300,3198.199;390.600,3201.300;365.900,3204.200;341.200,3206.900;316.500,3209.400;291.700,3211.801;267.000,3213.900;242.200,3215.900;217.401,3217.700;192.600,3219.300;167.800,3220.601;142.900,3221.800;118.100,3222.900;93.200,3223.700;75.000,3224.140;75.000,6149.527;85.800,6149.400;120.100,6148.800;154.400,6148.100;188.700,6147.100;223.000,6146.000;257.300,6144.600;291.600,6143.100;325.901,6141.400;360.100,6139.500;394.400,6137.400;428.600,6135.100;462.800,6132.600;497.100,6129.900;531.300,6127.000;565.400,6124.000;599.600,6120.700;633.700,6117.300;667.901,6113.600;702.000,6109.800;736.100,6105.800;770.100,6101.600;804.100,6097.200;838.200,6092.600;872.100,6087.900;906.100,6082.900;939.999,6077.700;973.900,6072.400;1007.800,6066.900;1041.600,6061.200;1075.400,6055.300;1109.200,6049.200;1142.900,6042.900;1176.700,6036.400;1210.300,6029.700;1243.901,6022.900;1277.500,6015.900;1311.100,6008.600;1344.600,6001.200;1378.100,5993.600;1411.500,5985.800;1444.900,5977.900;1478.200,5969.700;1511.500,5961.399;1544.700,5952.900;1577.900,5944.100;1611.100,5935.200;1644.200,5926.200;1677.200,5916.901;1710.200,5907.401;1743.100,5897.800;1776.000,5888.000;1808.800,5878.000;1841.600,5867.800;1874.300,5857.400;1907.000,5846.900;1939.600,5836.200;1972.100,5825.200;2004.600,5814.100;2037.000,5802.899;2069.300,5791.400;2101.600,5779.800;2133.800,5767.999;2166.000,5756.000;2198.099,5743.800;2230.100,5731.400;2262.001,5718.900;2293.900,5706.200;2325.700,5693.300;2357.500,5680.200;2389.100,5667.000;2420.699,5653.600;2452.200,5640.000;2483.600,5626.200;2515.000,5612.300;2546.300,5598.099;2577.500,5583.800;2608.600,5569.400;2639.600,5554.700;2670.600,5539.899;2701.500,5524.900;2732.200,5509.800;2763.001,5494.400;2793.600,5478.900;2824.100,5463.300;2854.500,5447.400;2884.900,5431.400;2915.200,5415.200;2945.300,5398.900;2975.400,5382.300;3005.400,5365.700;3035.300,5348.800;3065.100,5331.800;3094.800,5314.600;3124.399,5297.200;3153.900,5279.700;3183.300,5262.000;3212.600,5244.200;3241.800,5226.200;3271.000,5208.000;3299.999,5189.700;3328.900,5171.200;3357.700,5152.500;3386.399,5133.700;3415.000,5114.700;3443.500,5095.600;3471.800,5076.300;3500.100,5056.900;3528.300,5037.300;3556.300,5017.500;3584.300,4997.600;3612.099,4977.500;3639.800,4957.300;3667.400,4936.900;3694.900,4916.300;3722.301,4895.600;3749.600,4874.801;3776.700,4853.800;3803.700,4832.600;3830.600,4811.300;3857.400,4789.900;3884.100,4768.300;3910.600,4746.500;3937.100,4724.600;3963.400,4702.600;3989.500,4680.400;4015.600,4658.100;4041.500,4635.600;4067.300,4613.000;4093.001,4590.200;4118.600,4567.300;4144.000,4544.200;4169.300,4521.000;4194.400,4497.700;4219.500,4474.200;4244.400,4450.599;4259.415,4436.192
短控制列表:
50,0,0,0,0,0,0,0,0,0,0,0,0,0,0,0,0,0,0,0,0,0,0,0,0,0,0,0,0,0,0,0,0,0,0,0,0,0,0,0,0,0,0,0,0,0,0,0,0,0,0,0,0,0,0,0,0,0,0,0,0,0,0,0,0,0,0,0,0,0,0,0,0,0,0,0,0,0,0,0,0,0,0,0,0,0,0,0,0,0,0,0,0,0,0,0,0,0,0,0,0,0,0,0,0,0,0,0,0,0,0,0,0,0,0,0,0,0,0,0,0,0,0,0,0,0,0,0,0,0,0,0,0,0,0,0,50,50,0,0,0,0,0,0,0,0,0,0,0,0,0,0,0,0,0,0,0,0,0,0,0,0,0,0,0,0,0,0,0,0,0,0,0,0,0,0,0,0,0,0,0,0,0,0,0,0,0,0,0,0,0,0,0,0,0,0,0,0,0,0,0,0,0,0,0,0,0,0,0,0,0,0,0,0,0,0,0,0,0,0,0,0,0,0,0,0,0,0,0,0,0,0,50
短控制列表2:
45,0,0,0,0,0,0,0,0,0,0,0,0,0,0,0,0,0,0,0,0,0,0,0,0,0,0,0,0,0,0,0,0,0,0,0,0,0,0,0,0,0,0,0,0,0,0,0,0,0,0,0,0,0,0,0,0,0,0,0,0,0,0,0,0,0,0,0,0,0,0,0,0,0,0,0,0,0,0,0,0,0,0,0,0,0,0,0,0,0,0,0,0,0,0,0,0,0,0,0,0,0,0,0,0,0,0,0,0,0,0,0,0,0,0,0,0,0,0,0,0,0,0,0,0,0,0,0,0,0,0,0,0,0,0,0,45,45,0,0,0,0,0,0,0,0,0,0,0,0,0,0,0,0,0,0,0,0,0,0,0,0,0,0,0,0,0,0,0,0,0,0,0,0,0,0,0,0,0,0,0,0,0,0,0,0,0,0,0,0,0,0,0,0,0,0,0,0,0,0,0,0,0,0,0,0,0,0,0,0,0,0,0,0,0,0,0,0,0,0,0,0,0,0,0,0,0,0,0,0,0,0,45
短控制列表3:
10,0,0,0,0,0,0,0,0,0,0,0,0,0,0,0,0,0,0,0,0,0,0,0,0,0,0,0,0,0,0,0,0,0,0,0,0,0,0,0,0,0,0,0,0,0,0,0,0,0,0,0,0,0,0,0,0,0,0,0,0,0,0,0,0,0,0,0,0,0,0,0,0,0,0,0,0,0,0,0,0,0,0,0,0,0,0,0,0,0,0,0,0,0,0,0,0,0,0,0,0,0,0,0,0,0,0,0,0,0,0,0,0,0,0,0,0,0,0,0,0,0,0,0,0,0,0,0,0,0,0,0,0,0,0,0,10,10,0,0,0,0,0,0,0,0,0,0,0,0,0,0,0,0,0,0,0,0,0,0,0,0,0,0,0,0,0,0,0,0,0,0,0,0,0,0,0,0,0,0,0,0,0,0,0,0,0,0,0,0,0,0,0,0,0,0,0,0,0,0,0,0,0,0,0,0,0,0,0,0,0,0,0,0,0,0,0,0,0,0,0,0,0,0,0,0,0,0,0,0,0,0,10
短控制列表4:
65,0,0,0,0,0,0,0,0,0,0,0,0,0,0,0,0,0,0,0,0,0,0,0,0,0,0,0,0,0,0,0,0,0,0,0,0,0,0,0,0,0,0,0,0,0,0,0,0,0,0,0,0,0,0,0,0,0,0,0,0,0,0,0,0,0,0,0,0,0,0,0,0,0,0,0,0,0,0,0,0,0,0,0,0,0,0,0,0,0,0,0,0,0,0,0,0,0,0,0,0,0,0,0,0,0,0,0,0,0,0,0,0,0,0,0,0,0,0,0,0,0,0,0,0,0,0,0,0,0,0,0,0,0,0,0,65,65,0,0,0,0,0,0,0,0,0,0,0,0,0,0,0,0,0,0,0,0,0,0,0,0,0,0,0,0,0,0,0,0,0,0,0,0,0,0,0,0,0,0,0,0,0,0,0,0,0,0,0,0,0,0,0,0,0,0,0,0,0,0,0,0,0,0,0,0,0,0,0,0,0,0,0,0,0,0,0,0,0,0,0,0,0,0,0,0,0,0,0,0,0,0,65
加长控制列表:
0,0,0,0,0,0,0,0,0,0,0,0,0,0,0,0,0,0,0,0,0,0,0,0,0,0,0,0,0,0,0,0,0,0,0,0,0,0,0,0,0,0,0,0,0,0,0,0,0,0,0,0,0,0,0,0,0,0,0,0,0,0,0,0,0,0,0,0,0,0,0,0,0,0,0,0,0,0,0,0,0,0,0,0,0,0,0,0,0,0,0,0,0,0,0,0,0,0,0,0,0,0,0,0,0,0,0,0,0,0,0,0,0,0,0,0,0,0,0,0,0,0,0,0,0,0,0,0,0,0,0,0,0,0,0,0,0,0,0,0,0,0,0,0,0,0,0,0,0,0,0,0,0,0,0,0,0,0,0,0,0,0,0,0,0,0,0,0,0,0,0,0,0,0,0,0,0,0,0,0,0,0,0,0,0,0,0,0,0,0,0,0,0,0,0,0,0,0,0,0,0,0,0,0,0,0,0,0,0,0,0,0,0,0,0,0,0,0,0,0,0,0,0,0,0,0,0,0,0,0,0,0,0,65,0,0,0,0,0,0,0,0,0,0,0,0,0,0,0,0,0,0,0,0,0,0,0,0,0,0,0,0,0,0,0,0,0,0,0,0,0,0,0,0,0,0,0,0,0,0,0,0,0,0,0,0,0,0,0,0,0,0,0,0,0,0,0,0,0,0,0,0,0,0,0,0,0,0,0,0,0,0,0,0,0,0,0,0,0,0,0,0,0,0,0,0,0,0,0,0,0,0,0,0,0,0,0,0,0,0,0,0,0,0,0,0,0,0,0,0,0,0,0,0,0,0,0,0,0,0,0,0,0,0,0,0,0,0,0,65,65,0,0,0,0,0,0,0,0,0,0,0,0,0,0,0,0,0,0,0,0,0,0,0,0,0,0,0,0,0,0,0,0,0,0,0,0,0,0,0,0,0,0,0,0,0,0,0,0,0,0,0,0,0,0,0,0,0,0,0,0,0,0,0,0,0,0,0,0,0,0,0,0,0,0,0,0,0,0,0,0,0,0,0,0,0,0,0,0,0,0,0,0,0,0,65

0.1,0,0,0,0,0,0,0,0,0,0,0,0,0,0,0,0,0,0,0,0,0,0,0,0,0,0,0,0,0,0,0,0,0,0,0,0,0,0,0,0,0,0,0,0,0,0,0,0,0,0,0,0,0,0,0,0,0,0,0,0,0,0,0,0,0,0,0,0,0,0,0,0,0,0,0,0,0,0,0,0,0,0,0,0,0,0,0,0,0,0,0,0,0,0,0,0,0,0,0,0,0,0,0,0,0,0,0,0,0,0,0,0,0,0,0,0,0,0,0,0,0,0,0,0,0,0,0,0,0,0,0,0,0,0,0,0.05,0.05,0,0,0,0,0,0,0,0,0,0,0,0,0,0,0,0,0,0,0,0,0,0,0,0,0,0,0,0,0,0,0,0,0,0,0,0,0,0,0,0,0,0,0,0,0,0,0,0,0,0,0,0,0,0,0,0,0,0,0,0,0,0,0,0,0,0,0,0,0,0,0,0,0,0,0,0,0,0,0,0,0,0,0,0,0,0,0,0,0,0,0,0,0,0,0.01
