4313.54700	4660.02900
4310.90000	4662.50000
4285.20000	4686.10000
4259.40100	4709.60000
4233.40000	4733.00000
4207.30000	4756.20000
4181.10000	4779.20000
4154.80000	4802.10000
4128.29900	4824.90000
4101.70000	4847.50000
4075.00000	4870.00000
4048.20000	4892.30000
4021.20000	4914.50000
3994.20000	4936.50100
3967.00000	4958.40000
3939.59900	4980.10000
3912.20000	5001.70000
3884.70000	5023.20000
3856.99900	5044.40000
3829.20000	5065.60000
3801.30000	5086.50100
3773.30000	5107.40000
3745.10000	5128.00000
3716.90000	5148.50000
3688.50000	5168.90000
3660.10000	5189.10000
3631.50000	5209.10000
3602.80000	5229.00000
3574.00000	5248.70000
3545.10000	5268.30000
3516.10000	5287.70000
3487.00000	5307.00000
3428.40000	5345.00000
3399.00000	5363.70100
3369.40000	5382.30000
3339.80000	5400.80000
3310.10000	5419.10000
3280.20000	5437.20000
3250.30000	5455.10000
3220.20000	5472.90000
3190.10000	5490.50000
3159.90000	5508.00000
3129.59900	5525.30000
3099.10000	5542.40000
3068.60000	5559.30000
3038.00000	5576.10100
3007.30000	5592.70000
2976.50000	5609.20000
2945.70000	5625.50000
2914.70100	5641.60000
2883.60000	5657.50100
2852.50000	5673.30000
2821.30000	5688.90000
2789.90000	5704.30000
2758.50000	5719.50000
2727.09900	5734.60000
2695.50000	5749.50000
2663.80000	5764.30100
2632.10000	5778.80000
2600.30000	5793.20000
2568.40000	5807.40000
2536.50000	5821.40000
2504.40000	5835.30000
2472.30100	5849.00000
2440.10000	5862.50000
2407.89900	5875.80000
2375.50000	5888.90000
2343.09900	5901.90000
2310.59900	5914.70000
2278.10000	5927.30000
2245.50000	5939.70000
2212.79900	5952.00000
2180.00000	5964.10000
2147.20000	5976.00000
2114.30000	5987.70000
2081.40000	5999.20000
2048.40100	6010.60000
2015.30000	6021.70000
1982.20000	6032.70000
1949.00000	6043.50000
1915.70000	6054.10000
1882.40000	6064.60000
1849.10000	6074.80000
1815.60000	6084.90000
1782.20000	6094.80000
1748.60000	6104.50000
1715.00000	6114.00000
1681.40000	6123.40000
1647.70000	6132.50000
1614.00000	6141.50000
1580.20000	6150.30000
1546.40000	6158.80000
1512.50000	6167.30000
1478.60000	6175.50000
1444.60000	6183.50000
1410.60000	6191.40000
1376.50000	6198.99900
1342.40000	6206.50000
1308.30000	6213.80000
1274.10000	6220.90000
1239.90000	6227.80000
1205.60000	6234.50000
1171.39900	6241.00000
1137.00000	6247.39900
1102.70000	6253.50000
1068.30000	6259.50000
1033.90000	6265.30000
999.40000	6270.89900
964.90000	6276.30000
930.40000	6281.50000
895.90000	6286.50000
861.30000	6291.30000
826.70000	6296.00000
792.10000	6300.40000
757.40000	6304.70000
722.70100	6308.70000
688.10000	6312.60000
653.29900	6316.30000
618.60000	6319.80000
583.90000	6323.10000
549.10000	6326.20000
514.30000	6329.10100
479.50000	6331.90000
444.70000	6334.40000
409.90000	6336.80000
375.00000	6338.90000
340.20000	6340.90000
305.30000	6342.70000
270.50000	6344.30000
235.60000	6345.60000
200.70000	6346.80000
165.80000	6347.80000
130.90000	6348.70000
96.00000	6349.30000
75.00100	6349.54100
75.00000	9279.68900
105.50000	9279.40000
147.70000	9278.80000
189.90000	9278.10000
232.00000	9277.10000
274.20000	9276.00000
316.40000	9274.60000
358.50000	9273.10000
400.70000	9271.40000
442.79900	9269.40000
485.00000	9267.30000
527.10000	9265.00000
569.20000	9262.50000
611.29900	9259.90000
653.40000	9257.00000
695.50000	9253.90000
737.60000	9250.70000
779.60000	9247.20000
821.70000	9243.60000
863.70100	9239.70000
905.70100	9235.70000
947.60000	9231.50000
989.60000	9227.10000
1031.50000	9222.50000
1073.50000	9217.70000
1115.40000	9212.70100
1157.20000	9207.59900
1199.10000	9202.20000
1240.90000	9196.70000
1282.70000	9190.90000
1324.50000	9185.00000
1366.20000	9178.90000
1407.90000	9172.60000
1449.60000	9166.09900
1491.30000	9159.40000
1532.90000	9152.50000
1574.50100	9145.50000
1616.10000	9138.20000
1657.60000	9130.80000
1699.10000	9123.10000
1740.60100	9115.30000
1782.00000	9107.30000
1823.40000	9099.10000
1864.70000	9090.70100
1906.00000	9082.20000
1947.30000	9073.40000
1988.50000	9064.50000
2029.70100	9055.30000
2070.89900	9046.00000
2112.00000	9036.50000
2152.99900	9026.80000
2194.10000	9016.90000
2235.00000	9006.80000
2276.00000	8996.60000
2316.80000	8986.20000
2357.70000	8975.50000
2398.50000	8964.70000
2439.20000	8953.70000
2479.90000	8942.49900
2520.50100	8931.20000
2561.10000	8919.60000
2601.60000	8907.89900
2642.10000	8896.00000
2682.50000	8883.90000
2722.90100	8871.60000
2763.20000	8859.10000
2803.40000	8846.40000
2843.60000	8833.60000
2883.70000	8820.60000
2923.80000	8807.40000
2963.80000	8794.00000
3003.80000	8780.40000
3043.70000	8766.70000
3083.50000	8752.80000
3162.90000	8724.39900
3202.60000	8709.90000
3242.10000	8695.20000
3281.60000	8680.40000
3321.10000	8665.40000
3360.40100	8650.20000
3399.70000	8634.80100
3438.90000	8619.30000
3478.10000	8603.60000
3517.20000	8587.70000
3556.20100	8571.60000
3595.10000	8555.30000
3634.00000	8538.90000
3672.80000	8522.30000
3711.50000	8505.50000
3750.10000	8488.50000
3788.70000	8471.40000
3827.10000	8454.10000
3865.50000	8436.60000
3903.80000	8418.90000
3942.10000	8401.10000
3980.20000	8383.09900
4018.30000	8364.90000
4056.30000	8346.60000
4094.20000	8328.00000
4132.00000	8309.30000
4169.80000	8290.50000
4207.40000	8271.40000
4245.00000	8252.20000
4282.40000	8232.80000
4319.80000	8213.30000
4357.10000	8193.49900
4394.30000	8173.60000
4431.40000	8153.60000
4468.50000	8133.40000
4505.40000	8113.00000
4542.20000	8092.39900
4579.00000	8071.70000
4615.60000	8050.80000
4652.20000	8029.70000
4688.60000	8008.40000
4725.00000	7986.99900
4761.30000	7965.50100
4797.40000	7943.80000
4833.50000	7921.90000
4869.50000	7899.80000
4905.30000	7877.59900
4941.10000	7855.20000
4976.80000	7832.70000
5047.80000	7787.10000
5083.10000	7764.10000
5118.40000	7740.90000
5153.50000	7717.50000
5188.50000	7694.00000
5223.50000	7670.30000
5258.30100	7646.50000
5293.00000	7622.50000
5327.60000	7598.40000
5362.10000	7574.10000
5396.50000	7549.60000
5430.70000	7525.00000
5464.90000	7500.20000
5498.90000	7475.30000
5532.90000	7450.20000
5566.70000	7425.00000
5600.40000	7399.60000
5634.00000	7374.10100
5667.40000	7348.39900
5700.80000	7322.50000
5734.00000	7296.60000
5767.10000	7270.40100
5800.10000	7244.10000
5832.99900	7217.70000
5865.80000	7191.10100
5898.40100	7164.30000
5930.90100	7137.40000
5963.30000	7110.40000
5995.60000	7083.20000
6027.70000	7055.90000
6059.70000	7028.40000
6091.60000	7000.80000
6123.40000	6973.00000
6155.00000	6945.10000
6186.50000	6917.10000
6217.90000	6888.90000
6249.20000	6860.50000
6280.30000	6832.00000
6311.30000	6803.40000
6342.10000	6774.60100
6372.90000	6745.70000
6386.41200	6732.89400