顶点列表:
4313.547,4660.029;4310.900,4662.500;4285.200,4686.100;4259.401,4709.600;4233.400,4733.000;4207.300,4756.200;4181.100,4779.200;4154.800,4802.100;4128.299,4824.900;4101.700,4847.500;4075.000,4870.000;4048.200,4892.300;4021.200,4914.500;3994.200,4936.501;3967.000,4958.400;3939.599,4980.100;3912.200,5001.700;3884.700,5023.200;3856.999,5044.400;3829.200,5065.600;3801.300,5086.501;3773.300,5107.400;3745.100,5128.000;3716.900,5148.500;3688.500,5168.900;3660.100,5189.100;3631.500,5209.100;3602.800,5229.000;3574.000,5248.700;3545.100,5268.300;3516.100,5287.700;3487.000,5307.000;3428.400,5345.000;3399.000,5363.701;3369.400,5382.300;3339.800,5400.800;3310.100,5419.100;3280.200,5437.200;3250.300,5455.100;3220.200,5472.900;3190.100,5490.500;3159.900,5508.000;3129.599,5525.300;3099.100,5542.400;3068.600,5559.300;3038.000,5576.101;3007.300,5592.700;2976.500,5609.200;2945.700,5625.500;2914.701,5641.600;2883.600,5657.501;2852.500,5673.300;2821.300,5688.900;2789.900,5704.300;2758.500,5719.500;2727.099,5734.600;2695.500,5749.500;2663.800,5764.301;2632.100,5778.800;2600.300,5793.200;2568.400,5807.400;2536.500,5821.400;2504.400,5835.300;2472.301,5849.000;2440.100,5862.500;2407.899,5875.800;2375.500,5888.900;2343.099,5901.900;2310.599,5914.700;2278.100,5927.300;2245.500,5939.700;2212.799,5952.000;2180.000,5964.100;2147.200,5976.000;2114.300,5987.700;2081.400,5999.200;2048.401,6010.600;2015.300,6021.700;1982.200,6032.700;1949.000,6043.500;1915.700,6054.100;1882.400,6064.600;1849.100,6074.800;1815.600,6084.900;1782.200,6094.800;1748.600,6104.500;1715.000,6114.000;1681.400,6123.400;1647.700,6132.500;1614.000,6141.500;1580.200,6150.300;1546.400,6158.800;1512.500,6167.300;1478.600,6175.500;1444.600,6183.500;1410.600,6191.400;1376.500,6198.999;1342.400,6206.500;1308.300,6213.800;1274.100,6220.900;1239.900,6227.800;1205.600,6234.500;1171.399,6241.000;1137.000,6247.399;1102.700,6253.500;1068.300,6259.500;1033.900,6265.300;999.400,6270.899;964.900,6276.300;930.400,6281.500;895.900,6286.500;861.300,6291.300;826.700,6296.000;792.100,6300.400;757.400,6304.700;722.701,6308.700;688.100,6312.600;653.299,6316.300;618.600,6319.800;583.900,6323.100;549.100,6326.200;514.300,6329.101;479.500,6331.900;444.700,6334.400;409.900,6336.800;375.000,6338.900;340.200,6340.900;305.300,6342.700;270.500,6344.300;235.600,6345.600;200.700,6346.800;165.800,6347.800;130.900,6348.700;96.000,6349.300;75.001,6349.541;75.000,9279.689;105.500,9279.400;147.700,9278.800;189.900,9278.100;232.000,9277.100;274.200,9276.000;316.400,9274.600;358.500,9273.100;400.700,9271.400;442.799,9269.400;485.000,9267.300;527.100,9265.000;569.200,9262.500;611.299,9259.900;653.400,9257.000;695.500,9253.900;737.600,9250.700;779.600,9247.200;821.700,9243.600;863.701,9239.700;905.701,9235.700;947.600,9231.500;989.600,9227.100;1031.500,9222.500;1073.500,9217.700;1115.400,9212.701;1157.200,9207.599;1199.100,9202.200;1240.900,9196.700;1282.700,9190.900;1324.500,9185.000;1366.200,9178.900;1407.900,9172.600;1449.600,9166.099;1491.300,9159.400;1532.900,9152.500;1574.501,9145.500;1616.100,9138.200;1657.600,9130.800;1699.100,9123.100;1740.601,9115.300;1782.000,9107.300;1823.400,9099.100;1864.700,9090.701;1906.000,9082.200;1947.300,9073.400;1988.500,9064.500;2029.701,9055.300;2070.899,9046.000;2112.000,9036.500;2152.999,9026.800;2194.100,9016.900;2235.000,9006.800;2276.000,8996.600;2316.800,8986.200;2357.700,8975.500;2398.500,8964.700;2439.200,8953.700;2479.900,8942.499;2520.501,8931.200;2561.100,8919.600;2601.600,8907.899;2642.100,8896.000;2682.500,8883.900;2722.901,8871.600;2763.200,8859.100;2803.400,8846.400;2843.600,8833.600;2883.700,8820.600;2923.800,8807.400;2963.800,8794.000;3003.800,8780.400;3043.700,8766.700;3083.500,8752.800;3162.900,8724.399;3202.600,8709.900;3242.100,8695.200;3281.600,8680.400;3321.100,8665.400;3360.401,8650.200;3399.700,8634.801;3438.900,8619.300;3478.100,8603.600;3517.200,8587.700;3556.201,8571.600;3595.100,8555.300;3634.000,8538.900;3672.800,8522.300;3711.500,8505.500;3750.100,8488.500;3788.700,8471.400;3827.100,8454.100;3865.500,8436.600;3903.800,8418.900;3942.100,8401.100;3980.200,8383.099;4018.300,8364.900;4056.300,8346.600;4094.200,8328.000;4132.000,8309.300;4169.800,8290.500;4207.400,8271.400;4245.000,8252.200;4282.400,8232.800;4319.800,8213.300;4357.100,8193.499;4394.300,8173.600;4431.400,8153.600;4468.500,8133.400;4505.400,8113.000;4542.200,8092.399;4579.000,8071.700;4615.600,8050.800;4652.200,8029.700;4688.600,8008.400;4725.000,7986.999;4761.300,7965.501;4797.400,7943.800;4833.500,7921.900;4869.500,7899.800;4905.300,7877.599;4941.100,7855.200;4976.800,7832.700;5047.800,7787.100;5083.100,7764.100;5118.400,7740.900;5153.500,7717.500;5188.500,7694.000;5223.500,7670.300;5258.301,7646.500;5293.000,7622.500;5327.600,7598.400;5362.100,7574.100;5396.500,7549.600;5430.700,7525.000;5464.900,7500.200;5498.900,7475.300;5532.900,7450.200;5566.700,7425.000;5600.400,7399.600;5634.000,7374.101;5667.400,7348.399;5700.800,7322.500;5734.000,7296.600;5767.100,7270.401;5800.100,7244.100;5832.999,7217.700;5865.800,7191.101;5898.401,7164.300;5930.901,7137.400;5963.300,7110.400;5995.600,7083.200;6027.700,7055.900;6059.700,7028.400;6091.600,7000.800;6123.400,6973.000;6155.000,6945.100;6186.500,6917.100;6217.900,6888.900;6249.200,6860.500;6280.300,6832.000;6311.300,6803.400;6342.100,6774.601;6372.900,6745.700;6386.412,6732.894
短控制列表:
50,0,0,0,0,0,0,0,0,0,0,0,0,0,0,0,0,0,0,0,0,0,0,0,0,0,0,0,0,0,0,0,0,0,0,0,0,0,0,0,0,0,0,0,0,0,0,0,0,0,0,0,0,0,0,0,0,0,0,0,0,0,0,0,0,0,0,0,0,0,0,0,0,0,0,0,0,0,0,0,0,0,0,0,0,0,0,0,0,0,0,0,0,0,0,0,0,0,0,0,0,0,0,0,0,0,0,0,0,0,0,0,0,0,0,0,0,0,0,0,0,0,0,0,0,0,0,0,0,0,0,0,0,0,0,0,0,0,0,0,0,0,0,0,0,0,0,0,0,0,0,0,0,0,0,0,0,0,0,0,0,0,0,0,50,50,0,0,0,0,0,0,0,0,0,0,0,0,0,0,0,0,0,0,0,0,0,0,0,0,0,0,0,0,0,0,0,0,0,0,0,0,0,0,0,0,0,0,0,0,0,0,0,0,0,0,0,0,0,0,0,0,0,0,0,0,0,0,0,0,0,0,0,0,0,0,0,0,0,0,0,0,0,0,0,0,0,0,0,0,0,0,0,0,0,0,0,0,0,0,0,0,0,0,0,0,0,0,0,0,0,0,0,0,0,0,0,0,0,0,0,0,0,0,0,0,0,0,0,0,0,0,0,0,0,0,0,0,0,50
短控制列表2:
45,0,0,0,0,0,0,0,0,0,0,0,0,0,0,0,0,0,0,0,0,0,0,0,0,0,0,0,0,0,0,0,0,0,0,0,0,0,0,0,0,0,0,0,0,0,0,0,0,0,0,0,0,0,0,0,0,0,0,0,0,0,0,0,0,0,0,0,0,0,0,0,0,0,0,0,0,0,0,0,0,0,0,0,0,0,0,0,0,0,0,0,0,0,0,0,0,0,0,0,0,0,0,0,0,0,0,0,0,0,0,0,0,0,0,0,0,0,0,0,0,0,0,0,0,0,0,0,0,0,0,0,0,0,0,0,0,0,0,0,0,0,0,0,0,0,0,0,0,0,0,0,0,0,0,0,0,0,0,0,0,0,0,0,45,45,0,0,0,0,0,0,0,0,0,0,0,0,0,0,0,0,0,0,0,0,0,0,0,0,0,0,0,0,0,0,0,0,0,0,0,0,0,0,0,0,0,0,0,0,0,0,0,0,0,0,0,0,0,0,0,0,0,0,0,0,0,0,0,0,0,0,0,0,0,0,0,0,0,0,0,0,0,0,0,0,0,0,0,0,0,0,0,0,0,0,0,0,0,0,0,0,0,0,0,0,0,0,0,0,0,0,0,0,0,0,0,0,0,0,0,0,0,0,0,0,0,0,0,0,0,0,0,0,0,0,0,0,0,45
短控制列表3:
10,0,0,0,0,0,0,0,0,0,0,0,0,0,0,0,0,0,0,0,0,0,0,0,0,0,0,0,0,0,0,0,0,0,0,0,0,0,0,0,0,0,0,0,0,0,0,0,0,0,0,0,0,0,0,0,0,0,0,0,0,0,0,0,0,0,0,0,0,0,0,0,0,0,0,0,0,0,0,0,0,0,0,0,0,0,0,0,0,0,0,0,0,0,0,0,0,0,0,0,0,0,0,0,0,0,0,0,0,0,0,0,0,0,0,0,0,0,0,0,0,0,0,0,0,0,0,0,0,0,0,0,0,0,0,0,0,0,0,0,0,0,0,0,0,0,0,0,0,0,0,0,0,0,0,0,0,0,0,0,0,0,0,0,10,10,0,0,0,0,0,0,0,0,0,0,0,0,0,0,0,0,0,0,0,0,0,0,0,0,0,0,0,0,0,0,0,0,0,0,0,0,0,0,0,0,0,0,0,0,0,0,0,0,0,0,0,0,0,0,0,0,0,0,0,0,0,0,0,0,0,0,0,0,0,0,0,0,0,0,0,0,0,0,0,0,0,0,0,0,0,0,0,0,0,0,0,0,0,0,0,0,0,0,0,0,0,0,0,0,0,0,0,0,0,0,0,0,0,0,0,0,0,0,0,0,0,0,0,0,0,0,0,0,0,0,0,0,0,10
短控制列表4:
65,0,0,0,0,0,0,0,0,0,0,0,0,0,0,0,0,0,0,0,0,0,0,0,0,0,0,0,0,0,0,0,0,0,0,0,0,0,0,0,0,0,0,0,0,0,0,0,0,0,0,0,0,0,0,0,0,0,0,0,0,0,0,0,0,0,0,0,0,0,0,0,0,0,0,0,0,0,0,0,0,0,0,0,0,0,0,0,0,0,0,0,0,0,0,0,0,0,0,0,0,0,0,0,0,0,0,0,0,0,0,0,0,0,0,0,0,0,0,0,0,0,0,0,0,0,0,0,0,0,0,0,0,0,0,0,0,0,0,0,0,0,0,0,0,0,0,0,0,0,0,0,0,0,0,0,0,0,0,0,0,0,0,0,65,65,0,0,0,0,0,0,0,0,0,0,0,0,0,0,0,0,0,0,0,0,0,0,0,0,0,0,0,0,0,0,0,0,0,0,0,0,0,0,0,0,0,0,0,0,0,0,0,0,0,0,0,0,0,0,0,0,0,0,0,0,0,0,0,0,0,0,0,0,0,0,0,0,0,0,0,0,0,0,0,0,0,0,0,0,0,0,0,0,0,0,0,0,0,0,0,0,0,0,0,0,0,0,0,0,0,0,0,0,0,0,0,0,0,0,0,0,0,0,0,0,0,0,0,0,0,0,0,0,0,0,0,0,0,65
加长控制列表:
0,0,0,0,0,0,0,0,0,0,0,0,0,0,0,0,0,0,0,0,0,0,0,0,0,0,0,0,0,0,0,0,0,0,0,0,0,0,0,0,0,0,0,0,0,0,0,0,0,0,0,0,0,0,0,0,0,0,0,0,0,0,0,0,0,0,0,0,0,0,0,0,0,0,0,0,0,0,0,0,0,0,0,0,0,0,0,0,0,0,0,0,0,0,0,0,0,0,0,0,0,0,0,0,0,0,0,0,0,0,0,0,0,0,0,0,0,0,0,0,0,0,0,0,0,0,0,0,0,0,0,0,0,0,0,0,0,0,0,0,0,0,0,0,0,0,0,0,0,0,0,0,0,0,0,0,0,0,0,0,0,0,0,0,0,0,0,0,0,0,0,0,0,0,0,0,0,0,0,0,0,0,0,0,0,0,0,0,0,0,0,0,0,0,0,0,0,0,0,0,0,0,0,0,0,0,0,0,0,0,0,0,0,0,0,0,0,0,0,0,0,0,0,0,0,0,0,0,0,0,0,0,0,0,0,0,0,0,0,0,0,0,0,0,0,0,0,0,0,0,0,0,0,0,0,0,0,0,0,0,0,0,0,0,0,0,0,0,0,0,0,0,0,0,0,0,0,0,0,0,0,0,0,0,0,0,0,0,0,0,0,0,0,0,0,0,0,0,0,0,65,0,0,0,0,0,0,0,0,0,0,0,0,0,0,0,0,0,0,0,0,0,0,0,0,0,0,0,0,0,0,0,0,0,0,0,0,0,0,0,0,0,0,0,0,0,0,0,0,0,0,0,0,0,0,0,0,0,0,0,0,0,0,0,0,0,0,0,0,0,0,0,0,0,0,0,0,0,0,0,0,0,0,0,0,0,0,0,0,0,0,0,0,0,0,0,0,0,0,0,0,0,0,0,0,0,0,0,0,0,0,0,0,0,0,0,0,0,0,0,0,0,0,0,0,0,0,0,0,0,0,0,0,0,0,0,0,0,0,0,0,0,0,0,0,0,0,0,0,0,0,0,0,0,0,0,0,0,0,0,0,0,0,0,65,65,0,0,0,0,0,0,0,0,0,0,0,0,0,0,0,0,0,0,0,0,0,0,0,0,0,0,0,0,0,0,0,0,0,0,0,0,0,0,0,0,0,0,0,0,0,0,0,0,0,0,0,0,0,0,0,0,0,0,0,0,0,0,0,0,0,0,0,0,0,0,0,0,0,0,0,0,0,0,0,0,0,0,0,0,0,0,0,0,0,0,0,0,0,0,0,0,0,0,0,0,0,0,0,0,0,0,0,0,0,0,0,0,0,0,0,0,0,0,0,0,0,0,0,0,0,0,0,0,0,0,0,0,0,65
