8559.99000	9245.88400
8528.00000	9275.40000
8491.80000	9308.60000
8455.40000	9341.70000
8418.90000	9374.60000
8382.20000	9407.40000
8345.40000	9440.00000
8308.50000	9472.50000
8271.50000	9504.90000
8234.29900	9537.10000
8197.09900	9569.10000
8159.70000	9601.10000
8084.50000	9664.50000
8046.70000	9695.90100
8008.80000	9727.30000
7970.80000	9758.40000
7932.60000	9789.50000
7894.40000	9820.40000
7855.99900	9851.10000
7817.50000	9881.70000
7778.90000	9912.10000
7740.10000	9942.40000
7701.20000	9972.50000
7662.30000	10002.50000
7623.20000	10032.30000
7584.00000	10062.00000
7544.60000	10091.50000
7505.20000	10120.90000
7465.60000	10150.10000
7426.00000	10179.20000
7386.20000	10208.10000
7346.30000	10236.80000
7306.30000	10265.40000
7266.20000	10293.80000
7226.00100	10322.10000
7185.60000	10350.20000
7145.20000	10378.20000
7104.60000	10406.00000
7063.90000	10433.60000
7023.20000	10461.10000
6982.30000	10488.50000
6941.30000	10515.60000
6900.20000	10542.60000
6859.00000	10569.50100
6817.70000	10596.20000
6776.30000	10622.70000
6734.80000	10649.10000
6693.20000	10675.30000
6651.50000	10701.30000
6609.70000	10727.20000
6567.79900	10752.90000
6525.70000	10778.50000
6483.60000	10803.80000
6441.40100	10829.10000
6399.10000	10854.10000
6356.70000	10879.00000
6314.20000	10903.70000
6271.60000	10928.30000
6228.90000	10952.70000
6186.10000	10976.90000
6143.20000	11001.00000
6100.20000	11024.90000
6057.20000	11048.60000
6014.00000	11072.10000
5970.70000	11095.50000
5927.40000	11118.70000
5884.00000	11141.80000
5840.40000	11164.70100
5796.80000	11187.40000
5753.10000	11209.90000
5709.30000	11232.30000
5665.40000	11254.50000
5621.50000	11276.50000
5577.40000	11298.30000
5533.30000	11320.00000
5489.10000	11341.50000
5444.80000	11362.90100
5400.40000	11384.00000
5355.90000	11405.00000
5311.40000	11425.80000
5266.70000	11446.50000
5222.00000	11466.90000
5177.20000	11487.20000
5132.40000	11507.30000
5087.40000	11527.30000
5042.40000	11547.10000
4997.30000	11566.60000
4952.10000	11586.09900
4906.90000	11605.30000
4861.50100	11624.40000
4770.70000	11662.00000
4725.10000	11680.50000
4679.50000	11698.80000
4633.80000	11717.00000
4588.00000	11735.00000
4542.20000	11752.80000
4496.30000	11770.50000
4450.30000	11787.90000
4404.29900	11805.20000
4358.20000	11822.30000
4312.00000	11839.20000
4265.80000	11855.90000
4219.50000	11872.50000
4173.10000	11888.90000
4126.70000	11905.09900
4080.20000	11921.10000
4033.60000	11936.90000
3987.00000	11952.60000
3940.40100	11968.00000
3893.60000	11983.30000
3846.79900	11998.40000
3800.00000	12013.30000
3753.10000	12028.10100
3706.10000	12042.60100
3659.10000	12057.00000
3612.00000	12071.20000
3564.80000	12085.20000
3517.70000	12098.99900
3470.40000	12112.70000
3423.10000	12126.10000
3375.80000	12139.40000
3328.40000	12152.50000
3280.90000	12165.40000
3233.40000	12178.10000
3185.90000	12190.59900
3138.30000	12202.90000
3090.60000	12215.10000
3042.90000	12227.10000
2995.20000	12238.80000
2947.40000	12250.39900
2899.60000	12261.80000
2851.70000	12273.10000
2803.80000	12284.09900
2755.80000	12295.00000
2707.80000	12305.60000
2659.80000	12316.10000
2611.70000	12326.40000
2563.60000	12336.50000
2515.40000	12346.40000
2467.20000	12356.10000
2418.90000	12365.60000
2370.70000	12374.99900
2322.40000	12384.10000
2274.00000	12393.10000
2225.60000	12401.90000
2177.20000	12410.50000
2128.80000	12418.89900
2080.30000	12427.10000
2031.80000	12435.10000
1983.20000	12443.00000
1934.60000	12450.60000
1885.99900	12458.10000
1837.40000	12465.30000
1788.70000	12472.40100
1740.10000	12479.30000
1691.30000	12486.00000
1642.60000	12492.50000
1593.80000	12498.80000
1545.00000	12504.90100
1496.20000	12510.90000
1447.40000	12516.60000
1398.50000	12522.20000
1349.70000	12527.50000
1300.80000	12532.70000
1251.80000	12537.70000
1202.90000	12542.50000
1153.90000	12547.10000
1105.00000	12551.50000
1056.00000	12555.70000
1007.00000	12559.70100
957.90100	12563.50000
908.90000	12567.20000
859.90100	12570.60000
810.80000	12573.90000
761.70000	12577.00000
712.60000	12579.80000
663.50000	12582.50000
614.40000	12585.00000
565.30000	12587.30000
516.20000	12589.40100
467.00000	12591.40000
417.90000	12593.09900
368.70000	12594.60000
319.60000	12596.00000
270.40000	12597.10000
221.30000	12598.10000
172.10000	12598.80000
122.90000	12599.40000
75.00000	12599.79000
75.00000	15529.78700
109.10000	15529.60000
163.69900	15529.10000
218.30000	15528.50000
272.90000	15527.60000
327.40000	15526.60000
382.00000	15525.30000
436.50000	15523.90000
491.10000	15522.20000
545.60000	15520.40100
600.20000	15518.39900
654.70000	15516.20000
709.20000	15513.80000
763.70000	15511.20000
818.20000	15508.40000
872.70000	15505.50000
927.20000	15502.30000
981.70000	15499.00000
1036.10000	15495.40000
1090.60000	15491.70000
1145.00000	15487.70000
1199.39900	15483.60000
1253.79900	15479.30000
1308.20000	15474.80000
1362.60000	15470.10000
1416.90000	15465.20000
1471.30000	15460.20000
1525.60100	15454.90000
1579.90000	15449.40100
1634.20000	15443.80000
1688.40100	15438.00000
1742.70000	15431.90000
1796.90000	15425.70000
1851.10000	15419.30000
1905.30000	15412.70000
1959.40000	15405.89900
2013.50000	15398.90000
2067.60000	15391.80000
2121.70000	15384.40000
2175.79900	15376.80000
2229.80000	15369.10000
2283.80000	15361.20000
2337.80000	15353.10000
2391.70000	15344.70000
2445.60000	15336.20000
2499.50000	15327.59900
2553.30000	15318.70000
2607.10000	15309.60000
2660.90000	15300.40000
2714.70000	15290.90000
2768.40000	15281.29900
2822.10000	15271.50000
2875.70000	15261.39900
2929.30000	15251.20000
2982.90000	15240.90000
3036.40000	15230.29900
3089.90000	15219.50000
3143.40000	15208.60000
3196.80000	15197.40100
3250.20000	15186.10000
3303.60000	15174.60100
3356.90000	15162.90000
3410.10000	15151.00000
3463.40000	15138.90000
3516.50000	15126.59900
3569.70000	15114.20000
3622.80000	15101.60000
3675.80000	15088.70000
3728.80000	15075.70000
3781.80000	15062.49900
3834.70000	15049.10000
3887.50000	15035.60000
3940.30000	15021.80000
3993.10000	15007.90000
4045.80000	14993.80000
4098.50000	14979.40000
4151.10000	14965.00000
4203.70000	14950.30000
4256.20000	14935.40100
4308.60000	14920.40000
4361.00000	14905.10000
4413.40000	14889.70000
4465.70000	14874.10000
4517.90000	14858.30000
4570.10000	14842.40000
4622.20000	14826.20100
4674.30000	14809.90000
4726.30000	14793.40000
4778.30000	14776.70000
4830.20000	14759.80000
4882.00000	14742.70000
4933.80000	14725.49900
4985.49900	14708.00000
5037.20000	14690.40000
5088.70000	14672.60000
5140.30000	14654.70000
5191.70000	14636.50000
5243.10000	14618.20000
5294.50000	14599.70000
5345.70000	14581.00000
5397.00000	14562.10000
5448.10000	14542.99900
5499.20000	14523.80000
5550.20000	14504.40100
5601.10000	14484.80000
5652.00000	14465.00000
5702.80000	14445.10000
5753.49900	14424.90000
5804.10000	14404.60000
5854.70000	14384.10000
5905.20000	14363.50000
5955.70000	14342.60000
6006.00000	14321.60000
6056.30000	14300.40000
6106.50000	14279.10000
6156.70000	14257.50000
6206.80000	14235.80000
6256.70000	14213.90000
6306.60100	14191.80000
6356.50000	14169.60000
6406.20000	14147.10000
6455.90000	14124.50000
6505.50000	14101.80000
6555.00000	14078.80000
6604.50000	14055.70000
6653.80000	14032.40000
6703.10000	14008.90000
6752.30100	13985.30000
6801.40000	13961.50000
6850.40000	13937.50000
6899.30000	13913.30000
6948.20000	13889.00000
6996.89900	13864.50000
7045.60000	13839.80000
7094.20000	13815.00000
7142.70000	13790.00000
7191.10000	13764.80000
7239.40000	13739.40000
7287.70000	13713.90000
7335.80000	13688.20000
7383.90000	13662.30000
7431.90000	13636.30000
7479.70100	13610.10000
7527.50000	13583.70000
7575.20000	13557.20000
7622.80000	13530.50000
7670.30000	13503.60000
7717.70000	13476.60000
7765.00000	13449.40000
7812.20000	13422.00000
7859.30000	13394.50000
7906.40000	13366.80000
7953.30000	13338.90000
8000.10000	13310.90000
8046.80000	13282.70000
8093.50000	13254.30000
8140.00000	13225.80000
8186.40000	13197.10000
8232.70000	13168.30000
8279.00000	13139.30000
8325.10000	13110.10000
8371.10000	13080.70000
8417.00000	13051.30000
8462.80000	13021.60000
8508.50000	12991.80000
8554.10000	12961.80000
8599.60000	12931.70000
8645.00100	12901.40000
8690.30000	12870.90000
8735.50000	12840.30000
8780.50000	12809.50000
8825.50000	12778.60000
8870.40000	12747.50000
8915.10000	12716.20000
8959.70100	12684.80000
9004.20000	12653.30000
9048.70000	12621.50000
9093.00000	12589.70000
9137.09900	12557.60000
9181.20000	12525.40000
9225.20000	12493.10000
9269.00000	12460.60000
9312.70000	12428.00000
9356.40000	12395.20000
9399.90000	12362.19900
9443.20000	12329.10000
9486.50000	12295.80000
9529.70000	12262.40000
9572.70000	12228.90000
9615.60000	12195.10000
9658.40000	12161.30000
9701.10100	12127.30000
9743.60100	12093.10000
9786.10000	12058.80000
9828.40000	12024.30000
9870.60000	11989.70000
9912.60000	11954.90000
9954.60000	11920.00000
9996.40000	11885.00000
10038.10100	11849.80000
10079.70000	11814.40000
10121.20000	11778.90000
10162.50000	11743.30000
10203.70000	11707.50000
10244.80000	11671.60000
10285.70000	11635.50000
10326.60000	11599.30000
10367.19900	11562.90000
10407.80000	11526.40100
10448.30000	11489.80000
10488.60000	11453.00000
10528.80000	11416.10000
10568.80000	11379.00000
10608.70000	11341.80000
10633.03700	11318.93000