顶点列表:
8559.990,9245.884;8528.000,9275.400;8491.800,9308.600;8455.400,9341.700;8418.900,9374.600;8382.200,9407.400;8345.400,9440.000;8308.500,9472.500;8271.500,9504.900;8234.299,9537.100;8197.099,9569.100;8159.700,9601.100;8084.500,9664.500;8046.700,9695.901;8008.800,9727.300;7970.800,9758.400;7932.600,9789.500;7894.400,9820.400;7855.999,9851.100;7817.500,9881.700;7778.900,9912.100;7740.100,9942.400;7701.200,9972.500;7662.300,10002.500;7623.200,10032.300;7584.000,10062.000;7544.600,10091.500;7505.200,10120.900;7465.600,10150.100;7426.000,10179.200;7386.200,10208.100;7346.300,10236.800;7306.300,10265.400;7266.200,10293.800;7226.001,10322.100;7185.600,10350.200;7145.200,10378.200;7104.600,10406.000;7063.900,10433.600;7023.200,10461.100;6982.300,10488.500;6941.300,10515.600;6900.200,10542.600;6859.000,10569.501;6817.700,10596.200;6776.300,10622.700;6734.800,10649.100;6693.200,10675.300;6651.500,10701.300;6609.700,10727.200;6567.799,10752.900;6525.700,10778.500;6483.600,10803.800;6441.401,10829.100;6399.100,10854.100;6356.700,10879.000;6314.200,10903.700;6271.600,10928.300;6228.900,10952.700;6186.100,10976.900;6143.200,11001.000;6100.200,11024.900;6057.200,11048.600;6014.000,11072.100;5970.700,11095.500;5927.400,11118.700;5884.000,11141.800;5840.400,11164.701;5796.800,11187.400;5753.100,11209.900;5709.300,11232.300;5665.400,11254.500;5621.500,11276.500;5577.400,11298.300;5533.300,11320.000;5489.100,11341.500;5444.800,11362.901;5400.400,11384.000;5355.900,11405.000;5311.400,11425.800;5266.700,11446.500;5222.000,11466.900;5177.200,11487.200;5132.400,11507.300;5087.400,11527.300;5042.400,11547.100;4997.300,11566.600;4952.100,11586.099;4906.900,11605.300;4861.501,11624.400;4770.700,11662.000;4725.100,11680.500;4679.500,11698.800;4633.800,11717.000;4588.000,11735.000;4542.200,11752.800;4496.300,11770.500;4450.300,11787.900;4404.299,11805.200;4358.200,11822.300;4312.000,11839.200;4265.800,11855.900;4219.500,11872.500;4173.100,11888.900;4126.700,11905.099;4080.200,11921.100;4033.600,11936.900;3987.000,11952.600;3940.401,11968.000;3893.600,11983.300;3846.799,11998.400;3800.000,12013.300;3753.100,12028.101;3706.100,12042.601;3659.100,12057.000;3612.000,12071.200;3564.800,12085.200;3517.700,12098.999;3470.400,12112.700;3423.100,12126.100;3375.800,12139.400;3328.400,12152.500;3280.900,12165.400;3233.400,12178.100;3185.900,12190.599;3138.300,12202.900;3090.600,12215.100;3042.900,12227.100;2995.200,12238.800;2947.400,12250.399;2899.600,12261.800;2851.700,12273.100;2803.800,12284.099;2755.800,12295.000;2707.800,12305.600;2659.800,12316.100;2611.700,12326.400;2563.600,12336.500;2515.400,12346.400;2467.200,12356.100;2418.900,12365.600;2370.700,12374.999;2322.400,12384.100;2274.000,12393.100;2225.600,12401.900;2177.200,12410.500;2128.800,12418.899;2080.300,12427.100;2031.800,12435.100;1983.200,12443.000;1934.600,12450.600;1885.999,12458.100;1837.400,12465.300;1788.700,12472.401;1740.100,12479.300;1691.300,12486.000;1642.600,12492.500;1593.800,12498.800;1545.000,12504.901;1496.200,12510.900;1447.400,12516.600;1398.500,12522.200;1349.700,12527.500;1300.800,12532.700;1251.800,12537.700;1202.900,12542.500;1153.900,12547.100;1105.000,12551.500;1056.000,12555.700;1007.000,12559.701;957.901,12563.500;908.900,12567.200;859.901,12570.600;810.800,12573.900;761.700,12577.000;712.600,12579.800;663.500,12582.500;614.400,12585.000;565.300,12587.300;516.200,12589.401;467.000,12591.400;417.900,12593.099;368.700,12594.600;319.600,12596.000;270.400,12597.100;221.300,12598.100;172.100,12598.800;122.900,12599.400;75.000,12599.790;75.000,15529.787;109.100,15529.600;163.699,15529.100;218.300,15528.500;272.900,15527.600;327.400,15526.600;382.000,15525.300;436.500,15523.900;491.100,15522.200;545.600,15520.401;600.200,15518.399;654.700,15516.200;709.200,15513.800;763.700,15511.200;818.200,15508.400;872.700,15505.500;927.200,15502.300;981.700,15499.000;1036.100,15495.400;1090.600,15491.700;1145.000,15487.700;1199.399,15483.600;1253.799,15479.300;1308.200,15474.800;1362.600,15470.100;1416.900,15465.200;1471.300,15460.200;1525.601,15454.900;1579.900,15449.401;1634.200,15443.800;1688.401,15438.000;1742.700,15431.900;1796.900,15425.700;1851.100,15419.300;1905.300,15412.700;1959.400,15405.899;2013.500,15398.900;2067.600,15391.800;2121.700,15384.400;2175.799,15376.800;2229.800,15369.100;2283.800,15361.200;2337.800,15353.100;2391.700,15344.700;2445.600,15336.200;2499.500,15327.599;2553.300,15318.700;2607.100,15309.600;2660.900,15300.400;2714.700,15290.900;2768.400,15281.299;2822.100,15271.500;2875.700,15261.399;2929.300,15251.200;2982.900,15240.900;3036.400,15230.299;3089.900,15219.500;3143.400,15208.600;3196.800,15197.401;3250.200,15186.100;3303.600,15174.601;3356.900,15162.900;3410.100,15151.000;3463.400,15138.900;3516.500,15126.599;3569.700,15114.200;3622.800,15101.600;3675.800,15088.700;3728.800,15075.700;3781.800,15062.499;3834.700,15049.100;3887.500,15035.600;3940.300,15021.800;3993.100,15007.900;4045.800,14993.800;4098.500,14979.400;4151.100,14965.000;4203.700,14950.300;4256.200,14935.401;4308.600,14920.400;4361.000,14905.100;4413.400,14889.700;4465.700,14874.100;4517.900,14858.300;4570.100,14842.400;4622.200,14826.201;4674.300,14809.900;4726.300,14793.400;4778.300,14776.700;4830.200,14759.800;4882.000,14742.700;4933.800,14725.499;4985.499,14708.000;5037.200,14690.400;5088.700,14672.600;5140.300,14654.700;5191.700,14636.500;5243.100,14618.200;5294.500,14599.700;5345.700,14581.000;5397.000,14562.100;5448.100,14542.999;5499.200,14523.800;5550.200,14504.401;5601.100,14484.800;5652.000,14465.000;5702.800,14445.100;5753.499,14424.900;5804.100,14404.600;5854.700,14384.100;5905.200,14363.500;5955.700,14342.600;6006.000,14321.600;6056.300,14300.400;6106.500,14279.100;6156.700,14257.500;6206.800,14235.800;6256.700,14213.900;6306.601,14191.800;6356.500,14169.600;6406.200,14147.100;6455.900,14124.500;6505.500,14101.800;6555.000,14078.800;6604.500,14055.700;6653.800,14032.400;6703.100,14008.900;6752.301,13985.300;6801.400,13961.500;6850.400,13937.500;6899.300,13913.300;6948.200,13889.000;6996.899,13864.500;7045.600,13839.800;7094.200,13815.000;7142.700,13790.000;7191.100,13764.800;7239.400,13739.400;7287.700,13713.900;7335.800,13688.200;7383.900,13662.300;7431.900,13636.300;7479.701,13610.100;7527.500,13583.700;7575.200,13557.200;7622.800,13530.500;7670.300,13503.600;7717.700,13476.600;7765.000,13449.400;7812.200,13422.000;7859.300,13394.500;7906.400,13366.800;7953.300,13338.900;8000.100,13310.900;8046.800,13282.700;8093.500,13254.300;8140.000,13225.800;8186.400,13197.100;8232.700,13168.300;8279.000,13139.300;8325.100,13110.100;8371.100,13080.700;8417.000,13051.300;8462.800,13021.600;8508.500,12991.800;8554.100,12961.800;8599.600,12931.700;8645.001,12901.400;8690.300,12870.900;8735.500,12840.300;8780.500,12809.500;8825.500,12778.600;8870.400,12747.500;8915.100,12716.200;8959.701,12684.800;9004.200,12653.300;9048.700,12621.500;9093.000,12589.700;9137.099,12557.600;9181.200,12525.400;9225.200,12493.100;9269.000,12460.600;9312.700,12428.000;9356.400,12395.200;9399.900,12362.199;9443.200,12329.100;9486.500,12295.800;9529.700,12262.400;9572.700,12228.900;9615.600,12195.100;9658.400,12161.300;9701.101,12127.300;9743.601,12093.100;9786.100,12058.800;9828.400,12024.300;9870.600,11989.700;9912.600,11954.900;9954.600,11920.000;9996.400,11885.000;10038.101,11849.800;10079.700,11814.400;10121.200,11778.900;10162.500,11743.300;10203.700,11707.500;10244.800,11671.600;10285.700,11635.500;10326.600,11599.300;10367.199,11562.900;10407.800,11526.401;10448.300,11489.800;10488.600,11453.000;10528.800,11416.100;10568.800,11379.000;10608.700,11341.800;10633.037,11318.930
短控制列表:
50,0,0,0,0,0,0,0,0,0,0,0,0,0,0,0,0,0,0,0,0,0,0,0,0,0,0,0,0,0,0,0,0,0,0,0,0,0,0,0,0,0,0,0,0,0,0,0,0,0,0,0,0,0,0,0,0,0,0,0,0,0,0,0,0,0,0,0,0,0,0,0,0,0,0,0,0,0,0,0,0,0,0,0,0,0,0,0,0,0,0,0,0,0,0,0,0,0,0,0,0,0,0,0,0,0,0,0,0,0,0,0,0,0,0,0,0,0,0,0,0,0,0,0,0,0,0,0,0,0,0,0,0,0,0,0,0,0,0,0,0,0,0,0,0,0,0,0,0,0,0,0,0,0,0,0,0,0,0,0,0,0,0,0,0,0,0,0,0,0,0,0,0,0,0,0,0,0,0,0,0,0,0,0,0,0,0,0,0,0,0,0,0,0,0,0,0,0,0,0,0,0,0,0,0,0,0,0,0,0,0,0,0,0,50,50,0,0,0,0,0,0,0,0,0,0,0,0,0,0,0,0,0,0,0,0,0,0,0,0,0,0,0,0,0,0,0,0,0,0,0,0,0,0,0,0,0,0,0,0,0,0,0,0,0,0,0,0,0,0,0,0,0,0,0,0,0,0,0,0,0,0,0,0,0,0,0,0,0,0,0,0,0,0,0,0,0,0,0,0,0,0,0,0,0,0,0,0,0,0,0,0,0,0,0,0,0,0,0,0,0,0,0,0,0,0,0,0,0,0,0,0,0,0,0,0,0,0,0,0,0,0,0,0,0,0,0,0,0,0,0,0,0,0,0,0,0,0,0,0,0,0,0,0,0,0,0,0,0,0,0,0,0,0,0,0,0,0,0,0,0,0,0,0,0,0,0,0,0,0,0,0,0,0,0,0,0,0,0,0,0,0,0,50
短控制列表2:
45,0,0,0,0,0,0,0,0,0,0,0,0,0,0,0,0,0,0,0,0,0,0,0,0,0,0,0,0,0,0,0,0,0,0,0,0,0,0,0,0,0,0,0,0,0,0,0,0,0,0,0,0,0,0,0,0,0,0,0,0,0,0,0,0,0,0,0,0,0,0,0,0,0,0,0,0,0,0,0,0,0,0,0,0,0,0,0,0,0,0,0,0,0,0,0,0,0,0,0,0,0,0,0,0,0,0,0,0,0,0,0,0,0,0,0,0,0,0,0,0,0,0,0,0,0,0,0,0,0,0,0,0,0,0,0,0,0,0,0,0,0,0,0,0,0,0,0,0,0,0,0,0,0,0,0,0,0,0,0,0,0,0,0,0,0,0,0,0,0,0,0,0,0,0,0,0,0,0,0,0,0,0,0,0,0,0,0,0,0,0,0,0,0,0,0,0,0,0,0,0,0,0,0,0,0,0,0,0,0,0,0,0,0,45,45,0,0,0,0,0,0,0,0,0,0,0,0,0,0,0,0,0,0,0,0,0,0,0,0,0,0,0,0,0,0,0,0,0,0,0,0,0,0,0,0,0,0,0,0,0,0,0,0,0,0,0,0,0,0,0,0,0,0,0,0,0,0,0,0,0,0,0,0,0,0,0,0,0,0,0,0,0,0,0,0,0,0,0,0,0,0,0,0,0,0,0,0,0,0,0,0,0,0,0,0,0,0,0,0,0,0,0,0,0,0,0,0,0,0,0,0,0,0,0,0,0,0,0,0,0,0,0,0,0,0,0,0,0,0,0,0,0,0,0,0,0,0,0,0,0,0,0,0,0,0,0,0,0,0,0,0,0,0,0,0,0,0,0,0,0,0,0,0,0,0,0,0,0,0,0,0,0,0,0,0,0,0,0,0,0,0,0,45
短控制列表3:
10,0,0,0,0,0,0,0,0,0,0,0,0,0,0,0,0,0,0,0,0,0,0,0,0,0,0,0,0,0,0,0,0,0,0,0,0,0,0,0,0,0,0,0,0,0,0,0,0,0,0,0,0,0,0,0,0,0,0,0,0,0,0,0,0,0,0,0,0,0,0,0,0,0,0,0,0,0,0,0,0,0,0,0,0,0,0,0,0,0,0,0,0,0,0,0,0,0,0,0,0,0,0,0,0,0,0,0,0,0,0,0,0,0,0,0,0,0,0,0,0,0,0,0,0,0,0,0,0,0,0,0,0,0,0,0,0,0,0,0,0,0,0,0,0,0,0,0,0,0,0,0,0,0,0,0,0,0,0,0,0,0,0,0,0,0,0,0,0,0,0,0,0,0,0,0,0,0,0,0,0,0,0,0,0,0,0,0,0,0,0,0,0,0,0,0,0,0,0,0,0,0,0,0,0,0,0,0,0,0,0,0,0,0,10,10,0,0,0,0,0,0,0,0,0,0,0,0,0,0,0,0,0,0,0,0,0,0,0,0,0,0,0,0,0,0,0,0,0,0,0,0,0,0,0,0,0,0,0,0,0,0,0,0,0,0,0,0,0,0,0,0,0,0,0,0,0,0,0,0,0,0,0,0,0,0,0,0,0,0,0,0,0,0,0,0,0,0,0,0,0,0,0,0,0,0,0,0,0,0,0,0,0,0,0,0,0,0,0,0,0,0,0,0,0,0,0,0,0,0,0,0,0,0,0,0,0,0,0,0,0,0,0,0,0,0,0,0,0,0,0,0,0,0,0,0,0,0,0,0,0,0,0,0,0,0,0,0,0,0,0,0,0,0,0,0,0,0,0,0,0,0,0,0,0,0,0,0,0,0,0,0,0,0,0,0,0,0,0,0,0,0,0,10
短控制列表4:
65,0,0,0,0,0,0,0,0,0,0,0,0,0,0,0,0,0,0,0,0,0,0,0,0,0,0,0,0,0,0,0,0,0,0,0,0,0,0,0,0,0,0,0,0,0,0,0,0,0,0,0,0,0,0,0,0,0,0,0,0,0,0,0,0,0,0,0,0,0,0,0,0,0,0,0,0,0,0,0,0,0,0,0,0,0,0,0,0,0,0,0,0,0,0,0,0,0,0,0,0,0,0,0,0,0,0,0,0,0,0,0,0,0,0,0,0,0,0,0,0,0,0,0,0,0,0,0,0,0,0,0,0,0,0,0,0,0,0,0,0,0,0,0,0,0,0,0,0,0,0,0,0,0,0,0,0,0,0,0,0,0,0,0,0,0,0,0,0,0,0,0,0,0,0,0,0,0,0,0,0,0,0,0,0,0,0,0,0,0,0,0,0,0,0,0,0,0,0,0,0,0,0,0,0,0,0,0,0,0,0,0,0,0,65,65,0,0,0,0,0,0,0,0,0,0,0,0,0,0,0,0,0,0,0,0,0,0,0,0,0,0,0,0,0,0,0,0,0,0,0,0,0,0,0,0,0,0,0,0,0,0,0,0,0,0,0,0,0,0,0,0,0,0,0,0,0,0,0,0,0,0,0,0,0,0,0,0,0,0,0,0,0,0,0,0,0,0,0,0,0,0,0,0,0,0,0,0,0,0,0,0,0,0,0,0,0,0,0,0,0,0,0,0,0,0,0,0,0,0,0,0,0,0,0,0,0,0,0,0,0,0,0,0,0,0,0,0,0,0,0,0,0,0,0,0,0,0,0,0,0,0,0,0,0,0,0,0,0,0,0,0,0,0,0,0,0,0,0,0,0,0,0,0,0,0,0,0,0,0,0,0,0,0,0,0,0,0,0,0,0,0,0,65
加长控制列表:
0,0,0,0,0,0,0,0,0,0,0,0,0,0,0,0,0,0,0,0,0,0,0,0,0,0,0,0,0,0,0,0,0,0,0,0,0,0,0,0,0,0,0,0,0,0,0,0,0,0,0,0,0,0,0,0,0,0,0,0,0,0,0,0,0,0,0,0,0,0,0,0,0,0,0,0,0,0,0,0,0,0,0,0,0,0,0,0,0,0,0,0,0,0,0,0,0,0,0,0,0,0,0,0,0,0,0,0,0,0,0,0,0,0,0,0,0,0,0,0,0,0,0,0,0,0,0,0,0,0,0,0,0,0,0,0,0,0,0,0,0,0,0,0,0,0,0,0,0,0,0,0,0,0,0,0,0,0,0,0,0,0,0,0,0,0,0,0,0,0,0,0,0,0,0,0,0,0,0,0,0,0,0,0,0,0,0,0,0,0,0,0,0,0,0,0,0,0,0,0,0,0,0,0,0,0,0,0,0,0,0,0,0,0,0,0,0,0,0,0,0,0,0,0,0,0,0,0,0,0,0,0,0,0,0,0,0,0,0,0,0,0,0,0,0,0,0,0,0,0,0,0,0,0,0,0,0,0,0,0,0,0,0,0,0,0,0,0,0,0,0,0,0,0,0,0,0,0,0,0,0,0,0,0,0,0,0,0,0,0,0,0,0,0,0,0,0,0,0,0,0,0,0,0,0,0,0,0,0,0,0,0,0,0,0,0,0,0,0,0,0,0,0,0,0,0,0,0,0,0,0,0,0,0,0,0,0,0,0,0,0,0,0,0,0,0,0,0,0,0,0,0,0,0,0,0,0,0,0,0,0,0,0,0,0,0,0,0,0,0,0,0,0,0,0,0,0,0,0,0,0,0,0,0,0,0,0,0,0,0,0,0,0,0,0,0,0,0,0,0,0,0,0,0,65,0,0,0,0,0,0,0,0,0,0,0,0,0,0,0,0,0,0,0,0,0,0,0,0,0,0,0,0,0,0,0,0,0,0,0,0,0,0,0,0,0,0,0,0,0,0,0,0,0,0,0,0,0,0,0,0,0,0,0,0,0,0,0,0,0,0,0,0,0,0,0,0,0,0,0,0,0,0,0,0,0,0,0,0,0,0,0,0,0,0,0,0,0,0,0,0,0,0,0,0,0,0,0,0,0,0,0,0,0,0,0,0,0,0,0,0,0,0,0,0,0,0,0,0,0,0,0,0,0,0,0,0,0,0,0,0,0,0,0,0,0,0,0,0,0,0,0,0,0,0,0,0,0,0,0,0,0,0,0,0,0,0,0,0,0,0,0,0,0,0,0,0,0,0,0,0,0,0,0,0,0,0,0,0,0,0,0,0,0,0,0,0,0,0,0,0,0,0,0,0,0,0,0,0,0,0,0,0,0,0,0,0,0,65,65,0,0,0,0,0,0,0,0,0,0,0,0,0,0,0,0,0,0,0,0,0,0,0,0,0,0,0,0,0,0,0,0,0,0,0,0,0,0,0,0,0,0,0,0,0,0,0,0,0,0,0,0,0,0,0,0,0,0,0,0,0,0,0,0,0,0,0,0,0,0,0,0,0,0,0,0,0,0,0,0,0,0,0,0,0,0,0,0,0,0,0,0,0,0,0,0,0,0,0,0,0,0,0,0,0,0,0,0,0,0,0,0,0,0,0,0,0,0,0,0,0,0,0,0,0,0,0,0,0,0,0,0,0,0,0,0,0,0,0,0,0,0,0,0,0,0,0,0,0,0,0,0,0,0,0,0,0,0,0,0,0,0,0,0,0,0,0,0,0,0,0,0,0,0,0,0,0,0,0,0,0,0,0,0,0,0,0,65
