顶点列表:
10686.761,11542.360;10682.300,11546.500;10641.900,11583.700;10601.400,11620.800;10560.800,11657.800;10520.000,11694.600;10479.100,11731.300;10438.000,11767.800;10396.900,11804.199;10355.600,11840.400;10314.200,11876.500;10231.000,11948.299;10189.199,11983.900;10147.200,12019.400;10105.200,12054.800;10063.001,12090.000;10020.800,12125.100;9978.300,12160.000;9935.800,12194.800;9893.200,12229.400;9850.400,12263.899;9807.500,12298.200;9764.500,12332.400;9721.400,12366.400;9678.100,12400.300;9634.700,12434.000;9591.300,12467.600;9547.600,12501.000;9503.901,12534.300;9460.100,12567.400;9416.100,12600.400;9372.100,12633.200;9327.900,12665.800;9283.600,12698.301;9239.200,12730.700;9194.700,12762.900;9150.000,12794.901;9105.300,12826.800;9060.500,12858.501;9015.500,12890.100;8970.400,12921.500;8925.199,12952.700;8879.900,12983.801;8834.500,13014.800;8789.000,13045.600;8743.400,13076.200;8697.700,13106.600;8651.900,13136.900;8605.900,13167.100;8559.900,13197.000;8513.700,13226.900;8467.500,13256.500;8421.100,13286.000;8374.700,13315.300;8328.100,13344.499;8281.500,13373.500;8234.700,13402.300;8187.900,13431.000;8140.900,13459.500;8093.799,13487.900;8046.700,13516.100;7999.400,13544.100;7952.100,13572.000;7857.100,13627.200;7809.400,13654.500;7761.700,13681.700;7713.900,13708.700;7665.900,13735.600;7617.900,13762.300;7569.800,13788.800;7521.600,13815.200;7473.300,13841.400;7424.901,13867.400;7376.400,13893.199;7327.900,13918.900;7279.200,13944.400;7230.500,13969.700;7181.600,13994.900;7132.700,14019.900;7083.700,14044.700;7034.600,14069.400;6985.400,14093.900;6936.200,14118.200;6886.800,14142.300;6837.400,14166.300;6787.900,14190.100;6738.300,14213.700;6688.599,14237.100;6638.800,14260.400;6589.000,14283.500;6539.000,14306.400;6488.999,14329.200;6438.900,14351.800;6388.800,14374.200;6338.500,14396.400;6288.200,14418.500;6237.800,14440.300;6187.300,14462.000;6136.800,14483.500;6086.200,14504.900;6035.500,14526.100;5933.900,14567.900;5882.900,14588.500;5832.000,14609.000;5780.900,14629.200;5729.800,14649.300;5678.600,14669.300;5627.299,14689.000;5576.000,14708.600;5524.600,14728.000;5473.100,14747.200;5421.500,14766.200;5369.900,14785.000;5318.300,14803.700;5266.500,14822.200;5214.700,14840.500;5162.900,14858.600;5110.900,14876.500;5059.000,14894.300;5006.900,14911.901;4954.800,14929.300;4902.600,14946.500;4850.400,14963.500;4798.100,14980.399;4745.700,14997.000;4693.300,15013.500;4640.899,15029.800;4588.400,15045.900;4535.800,15061.901;4483.100,15077.600;4430.501,15093.200;4377.700,15108.600;4324.901,15123.800;4272.100,15138.800;4219.200,15153.600;4166.200,15168.300;4113.200,15182.701;4060.200,15197.000;4007.101,15211.100;3953.900,15225.000;3900.700,15238.701;3847.500,15252.200;3794.200,15265.600;3740.800,15278.699;3687.500,15291.700;3634.000,15304.500;3580.600,15317.100;3527.000,15329.500;3473.500,15341.701;3419.900,15353.801;3366.200,15365.600;3312.500,15377.300;3258.800,15388.701;3205.000,15400.000;3151.200,15411.100;3097.400,15422.000;3043.500,15432.800;2989.600,15443.300;2935.600,15453.700;2881.600,15463.800;2827.600,15473.800;2773.600,15483.600;2719.500,15493.200;2665.300,15502.600;2611.200,15511.800;2557.000,15520.800;2502.800,15529.600;2448.500,15538.300;2394.200,15546.700;2339.900,15555.000;2285.600,15563.100;2231.200,15571.000;2176.800,15578.699;2122.400,15586.200;2067.901,15593.500;2013.500,15600.601;1959.000,15607.600;1904.400,15614.300;1849.900,15620.900;1795.300,15627.200;1740.700,15633.400;1686.100,15639.400;1631.500,15645.200;1576.800,15650.800;1522.200,15656.200;1467.500,15661.400;1412.800,15666.400;1358.001,15671.300;1303.300,15675.900;1248.500,15680.400;1193.800,15684.600;1139.000,15688.700;1084.200,15692.600;1029.400,15696.300;974.501,15699.800;919.701,15703.100;864.799,15706.200;810.000,15709.101;755.100,15711.900;700.200,15714.400;645.300,15716.800;590.500,15718.900;535.599,15720.900;480.600,15722.700;425.700,15724.300;370.800,15725.600;315.900,15726.800;260.900,15727.800;206.000,15728.699;151.100,15729.300;96.099,15729.700;75.000,15729.815;75.000,18649.824;119.600,18649.601;179.400,18649.100;239.100,18648.500;298.900,18647.600;358.700,18646.600;418.500,18645.300;478.200,18643.901;538.000,18642.300;597.800,18640.400;657.500,18638.400;717.300,18636.200;777.000,18633.800;836.700,18631.200;896.500,18628.500;956.200,18625.500;1015.900,18622.300;1075.600,18619.000;1135.200,18615.400;1194.900,18611.700;1254.600,18607.800;1314.200,18603.600;1373.900,18599.300;1433.500,18594.800;1493.101,18590.200;1552.700,18585.300;1612.200,18580.200;1671.800,18574.900;1731.300,18569.499;1790.800,18563.800;1850.300,18558.000;1909.801,18552.000;1969.299,18545.800;2028.700,18539.300;2088.100,18532.700;2147.500,18526.000;2206.899,18519.000;2266.300,18511.800;2325.600,18504.400;2384.900,18496.899;2444.200,18489.200;2503.500,18481.200;2562.700,18473.100;2621.900,18464.800;2681.100,18456.300;2740.200,18447.600;2799.400,18438.700;2858.400,18429.700;2917.500,18420.400;2976.500,18411.000;3035.600,18401.300;3094.500,18391.499;3153.500,18381.500;3212.400,18371.300;3271.300,18360.899;3330.100,18350.300;3388.900,18339.500;3447.700,18328.600;3506.400,18317.400;3565.100,18306.100;3623.800,18294.600;3682.400,18282.901;3740.999,18271.000;3799.600,18258.900;3858.100,18246.600;3916.500,18234.100;3975.000,18221.500;4033.400,18208.600;4091.700,18195.600;4150.000,18182.400;4208.300,18169.001;4266.501,18155.400;4324.700,18141.700;4382.800,18127.700;4440.900,18113.600;4498.999,18099.200;4557.001,18084.700;4614.901,18070.000;4672.800,18055.100;4730.700,18040.100;4788.500,18024.800;4846.200,18009.400;4903.900,17993.700;4961.600,17977.900;5019.200,17961.900;5076.800,17945.700;5134.300,17929.400;5191.700,17912.800;5249.100,17896.100;5306.501,17879.200;5363.701,17862.100;5421.000,17844.800;5478.100,17827.300;5535.300,17809.700;5592.300,17791.800;5649.300,17773.800;5706.300,17755.600;5763.200,17737.200;5820.000,17718.600;5876.800,17699.900;5933.500,17681.000;5990.100,17661.900;6046.700,17642.601;6103.300,17623.100;6159.700,17603.400;6216.100,17583.600;6272.500,17563.600;6328.700,17543.400;6384.900,17523.000;6441.100,17502.400;6497.100,17481.700;6553.200,17460.800;6609.100,17439.701;6665.000,17418.400;6720.800,17397.000;6776.501,17375.300;6832.199,17353.500;6887.800,17331.500;6943.300,17309.401;6998.700,17287.000;7054.100,17264.500;7109.400,17241.800;7164.700,17218.900;7219.800,17195.800;7274.900,17172.600;7329.900,17149.201;7384.900,17125.600;7439.700,17101.900;7494.500,17077.900;7549.200,17053.800;7603.900,17029.500;7658.400,17005.100;7712.900,16980.400;7767.300,16955.600;7821.599,16930.600;7875.800,16905.500;7930.000,16880.100;7984.000,16854.599;8038.000,16828.900;8091.899,16803.100;8145.800,16777.100;8199.500,16750.900;8253.200,16724.500;8306.700,16697.900;8360.201,16671.200;8413.600,16644.300;8466.900,16617.300;8520.200,16590.100;8573.300,16562.700;8626.400,16535.100;8679.300,16507.300;8732.200,16479.400;8785.001,16451.400;8837.700,16423.100;8890.300,16394.700;8942.800,16366.100;8995.200,16337.400;9099.800,16279.400;9151.900,16250.099;9203.900,16220.700;9255.900,16191.100;9307.700,16161.300;9359.500,16131.400;9411.200,16101.300;9462.700,16071.100;9514.200,16040.700;9565.600,16010.100;9616.900,15979.300;9668.000,15948.400;9719.100,15917.300;9770.100,15886.100;9821.000,15854.700;9871.700,15823.100;9922.400,15791.400;9973.000,15759.500;10023.500,15727.500;10073.800,15695.300;10124.100,15662.900;10224.299,15597.700;10274.200,15564.800;10324.100,15531.800;10373.800,15498.600;10423.500,15465.300;10473.000,15431.800;10522.399,15398.100;10571.700,15364.300;10620.899,15330.300;10670.000,15296.200;10719.001,15261.900;10767.800,15227.500;10816.600,15192.900;10865.200,15158.100;10913.800,15123.200;10962.199,15088.200;11010.500,15053.000;11058.700,15017.600;11106.800,14982.100;11154.800,14946.400;11202.600,14910.500;11250.400,14874.500;11298.000,14838.400;11345.500,14802.100;11392.900,14765.700;11440.200,14729.099;11487.300,14692.300;11534.400,14655.400;11581.300,14618.400;11628.100,14581.200;11674.800,14543.800;11721.300,14506.300;11767.800,14468.700;11814.100,14430.900;11860.300,14392.900;11906.400,14354.800;11952.299,14316.600;11998.201,14278.200;12043.900,14239.700;12089.500,14201.000;12180.300,14123.200;12225.500,14084.101;12270.600,14044.800;12315.500,14005.400;12360.400,13965.800;12405.100,13926.100;12449.700,13886.300;12494.100,13846.300;12538.400,13806.200;12582.600,13765.900;12626.700,13725.500;12670.600,13685.000;12714.400,13644.301;12752.825,13608.424
短控制列表:
50,0,0,0,0,0,0,0,0,0,0,0,0,0,0,0,0,0,0,0,0,0,0,0,0,0,0,0,0,0,0,0,0,0,0,0,0,0,0,0,0,0,0,0,0,0,0,0,0,0,0,0,0,0,0,0,0,0,0,0,0,0,0,0,0,0,0,0,0,0,0,0,0,0,0,0,0,0,0,0,0,0,0,0,0,0,0,0,0,0,0,0,0,0,0,0,0,0,0,0,0,0,0,0,0,0,0,0,0,0,0,0,0,0,0,0,0,0,0,0,0,0,0,0,0,0,0,0,0,0,0,0,0,0,0,0,0,0,0,0,0,0,0,0,0,0,0,0,0,0,0,0,0,0,0,0,0,0,0,0,0,0,0,0,0,0,0,0,0,0,0,0,0,0,0,0,0,0,0,0,0,0,0,0,0,0,0,0,0,0,0,0,0,0,0,0,0,0,0,0,0,0,0,0,0,0,0,0,0,0,0,0,0,0,0,0,0,0,0,0,0,0,0,0,0,0,0,0,0,0,0,50,50,0,0,0,0,0,0,0,0,0,0,0,0,0,0,0,0,0,0,0,0,0,0,0,0,0,0,0,0,0,0,0,0,0,0,0,0,0,0,0,0,0,0,0,0,0,0,0,0,0,0,0,0,0,0,0,0,0,0,0,0,0,0,0,0,0,0,0,0,0,0,0,0,0,0,0,0,0,0,0,0,0,0,0,0,0,0,0,0,0,0,0,0,0,0,0,0,0,0,0,0,0,0,0,0,0,0,0,0,0,0,0,0,0,0,0,0,0,0,0,0,0,0,0,0,0,0,0,0,0,0,0,0,0,0,0,0,0,0,0,0,0,0,0,0,0,0,0,0,0,0,0,0,0,0,0,0,0,0,0,0,0,0,0,0,0,0,0,0,0,0,0,0,0,0,0,0,0,0,0,0,0,0,0,0,0,0,0,0,0,0,0,0,0,0,0,0,0,0,0,0,0,0,0,0,0,0,0,0,0,0,50
短控制列表2:
45,0,0,0,0,0,0,0,0,0,0,0,0,0,0,0,0,0,0,0,0,0,0,0,0,0,0,0,0,0,0,0,0,0,0,0,0,0,0,0,0,0,0,0,0,0,0,0,0,0,0,0,0,0,0,0,0,0,0,0,0,0,0,0,0,0,0,0,0,0,0,0,0,0,0,0,0,0,0,0,0,0,0,0,0,0,0,0,0,0,0,0,0,0,0,0,0,0,0,0,0,0,0,0,0,0,0,0,0,0,0,0,0,0,0,0,0,0,0,0,0,0,0,0,0,0,0,0,0,0,0,0,0,0,0,0,0,0,0,0,0,0,0,0,0,0,0,0,0,0,0,0,0,0,0,0,0,0,0,0,0,0,0,0,0,0,0,0,0,0,0,0,0,0,0,0,0,0,0,0,0,0,0,0,0,0,0,0,0,0,0,0,0,0,0,0,0,0,0,0,0,0,0,0,0,0,0,0,0,0,0,0,0,0,0,0,0,0,0,0,0,0,0,0,0,0,0,0,0,0,0,45,45,0,0,0,0,0,0,0,0,0,0,0,0,0,0,0,0,0,0,0,0,0,0,0,0,0,0,0,0,0,0,0,0,0,0,0,0,0,0,0,0,0,0,0,0,0,0,0,0,0,0,0,0,0,0,0,0,0,0,0,0,0,0,0,0,0,0,0,0,0,0,0,0,0,0,0,0,0,0,0,0,0,0,0,0,0,0,0,0,0,0,0,0,0,0,0,0,0,0,0,0,0,0,0,0,0,0,0,0,0,0,0,0,0,0,0,0,0,0,0,0,0,0,0,0,0,0,0,0,0,0,0,0,0,0,0,0,0,0,0,0,0,0,0,0,0,0,0,0,0,0,0,0,0,0,0,0,0,0,0,0,0,0,0,0,0,0,0,0,0,0,0,0,0,0,0,0,0,0,0,0,0,0,0,0,0,0,0,0,0,0,0,0,0,0,0,0,0,0,0,0,0,0,0,0,0,0,0,0,0,0,45
短控制列表3:
10,0,0,0,0,0,0,0,0,0,0,0,0,0,0,0,0,0,0,0,0,0,0,0,0,0,0,0,0,0,0,0,0,0,0,0,0,0,0,0,0,0,0,0,0,0,0,0,0,0,0,0,0,0,0,0,0,0,0,0,0,0,0,0,0,0,0,0,0,0,0,0,0,0,0,0,0,0,0,0,0,0,0,0,0,0,0,0,0,0,0,0,0,0,0,0,0,0,0,0,0,0,0,0,0,0,0,0,0,0,0,0,0,0,0,0,0,0,0,0,0,0,0,0,0,0,0,0,0,0,0,0,0,0,0,0,0,0,0,0,0,0,0,0,0,0,0,0,0,0,0,0,0,0,0,0,0,0,0,0,0,0,0,0,0,0,0,0,0,0,0,0,0,0,0,0,0,0,0,0,0,0,0,0,0,0,0,0,0,0,0,0,0,0,0,0,0,0,0,0,0,0,0,0,0,0,0,0,0,0,0,0,0,0,0,0,0,0,0,0,0,0,0,0,0,0,0,0,0,0,0,10,10,0,0,0,0,0,0,0,0,0,0,0,0,0,0,0,0,0,0,0,0,0,0,0,0,0,0,0,0,0,0,0,0,0,0,0,0,0,0,0,0,0,0,0,0,0,0,0,0,0,0,0,0,0,0,0,0,0,0,0,0,0,0,0,0,0,0,0,0,0,0,0,0,0,0,0,0,0,0,0,0,0,0,0,0,0,0,0,0,0,0,0,0,0,0,0,0,0,0,0,0,0,0,0,0,0,0,0,0,0,0,0,0,0,0,0,0,0,0,0,0,0,0,0,0,0,0,0,0,0,0,0,0,0,0,0,0,0,0,0,0,0,0,0,0,0,0,0,0,0,0,0,0,0,0,0,0,0,0,0,0,0,0,0,0,0,0,0,0,0,0,0,0,0,0,0,0,0,0,0,0,0,0,0,0,0,0,0,0,0,0,0,0,0,0,0,0,0,0,0,0,0,0,0,0,0,0,0,0,0,0,10
短控制列表4:
65,0,0,0,0,0,0,0,0,0,0,0,0,0,0,0,0,0,0,0,0,0,0,0,0,0,0,0,0,0,0,0,0,0,0,0,0,0,0,0,0,0,0,0,0,0,0,0,0,0,0,0,0,0,0,0,0,0,0,0,0,0,0,0,0,0,0,0,0,0,0,0,0,0,0,0,0,0,0,0,0,0,0,0,0,0,0,0,0,0,0,0,0,0,0,0,0,0,0,0,0,0,0,0,0,0,0,0,0,0,0,0,0,0,0,0,0,0,0,0,0,0,0,0,0,0,0,0,0,0,0,0,0,0,0,0,0,0,0,0,0,0,0,0,0,0,0,0,0,0,0,0,0,0,0,0,0,0,0,0,0,0,0,0,0,0,0,0,0,0,0,0,0,0,0,0,0,0,0,0,0,0,0,0,0,0,0,0,0,0,0,0,0,0,0,0,0,0,0,0,0,0,0,0,0,0,0,0,0,0,0,0,0,0,0,0,0,0,0,0,0,0,0,0,0,0,0,0,0,0,0,65,65,0,0,0,0,0,0,0,0,0,0,0,0,0,0,0,0,0,0,0,0,0,0,0,0,0,0,0,0,0,0,0,0,0,0,0,0,0,0,0,0,0,0,0,0,0,0,0,0,0,0,0,0,0,0,0,0,0,0,0,0,0,0,0,0,0,0,0,0,0,0,0,0,0,0,0,0,0,0,0,0,0,0,0,0,0,0,0,0,0,0,0,0,0,0,0,0,0,0,0,0,0,0,0,0,0,0,0,0,0,0,0,0,0,0,0,0,0,0,0,0,0,0,0,0,0,0,0,0,0,0,0,0,0,0,0,0,0,0,0,0,0,0,0,0,0,0,0,0,0,0,0,0,0,0,0,0,0,0,0,0,0,0,0,0,0,0,0,0,0,0,0,0,0,0,0,0,0,0,0,0,0,0,0,0,0,0,0,0,0,0,0,0,0,0,0,0,0,0,0,0,0,0,0,0,0,0,0,0,0,0,65
加长控制列表:
0,0,0,0,0,0,0,0,0,0,0,0,0,0,0,0,0,0,0,0,0,0,0,0,0,0,0,0,0,0,0,0,0,0,0,0,0,0,0,0,0,0,0,0,0,0,0,0,0,0,0,0,0,0,0,0,0,0,0,0,0,0,0,0,0,0,0,0,0,0,0,0,0,0,0,0,0,0,0,0,0,0,0,0,0,0,0,0,0,0,0,0,0,0,0,0,0,0,0,0,0,0,0,0,0,0,0,0,0,0,0,0,0,0,0,0,0,0,0,0,0,0,0,0,0,0,0,0,0,0,0,0,0,0,0,0,0,0,0,0,0,0,0,0,0,0,0,0,0,0,0,0,0,0,0,0,0,0,0,0,0,0,0,0,0,0,0,0,0,0,0,0,0,0,0,0,0,0,0,0,0,0,0,0,0,0,0,0,0,0,0,0,0,0,0,0,0,0,0,0,0,0,0,0,0,0,0,0,0,0,0,0,0,0,0,0,0,0,0,0,0,0,0,0,0,0,0,0,0,0,0,0,0,0,0,0,0,0,0,0,0,0,0,0,0,0,0,0,0,0,0,0,0,0,0,0,0,0,0,0,0,0,0,0,0,0,0,0,0,0,0,0,0,0,0,0,0,0,0,0,0,0,0,0,0,0,0,0,0,0,0,0,0,0,0,0,0,0,0,0,0,0,0,0,0,0,0,0,0,0,0,0,0,0,0,0,0,0,0,0,0,0,0,0,0,0,0,0,0,0,0,0,0,0,0,0,0,0,0,0,0,0,0,0,0,0,0,0,0,0,0,0,0,0,0,0,0,0,0,0,0,0,0,0,0,0,0,0,0,0,0,0,0,0,0,0,0,0,0,0,0,0,0,0,0,0,0,0,0,0,0,0,0,0,0,0,0,0,0,0,0,0,0,0,0,0,0,0,0,0,0,0,0,0,0,0,0,0,0,0,0,0,0,0,0,0,0,0,0,0,0,0,0,0,0,0,0,0,0,0,0,0,0,0,65,0,0,0,0,0,0,0,0,0,0,0,0,0,0,0,0,0,0,0,0,0,0,0,0,0,0,0,0,0,0,0,0,0,0,0,0,0,0,0,0,0,0,0,0,0,0,0,0,0,0,0,0,0,0,0,0,0,0,0,0,0,0,0,0,0,0,0,0,0,0,0,0,0,0,0,0,0,0,0,0,0,0,0,0,0,0,0,0,0,0,0,0,0,0,0,0,0,0,0,0,0,0,0,0,0,0,0,0,0,0,0,0,0,0,0,0,0,0,0,0,0,0,0,0,0,0,0,0,0,0,0,0,0,0,0,0,0,0,0,0,0,0,0,0,0,0,0,0,0,0,0,0,0,0,0,0,0,0,0,0,0,0,0,0,0,0,0,0,0,0,0,0,0,0,0,0,0,0,0,0,0,0,0,0,0,0,0,0,0,0,0,0,0,0,0,0,0,0,0,0,0,0,0,0,0,0,0,0,0,0,0,0,0,0,0,0,0,0,0,0,0,0,0,0,0,0,0,0,0,0,65,65,0,0,0,0,0,0,0,0,0,0,0,0,0,0,0,0,0,0,0,0,0,0,0,0,0,0,0,0,0,0,0,0,0,0,0,0,0,0,0,0,0,0,0,0,0,0,0,0,0,0,0,0,0,0,0,0,0,0,0,0,0,0,0,0,0,0,0,0,0,0,0,0,0,0,0,0,0,0,0,0,0,0,0,0,0,0,0,0,0,0,0,0,0,0,0,0,0,0,0,0,0,0,0,0,0,0,0,0,0,0,0,0,0,0,0,0,0,0,0,0,0,0,0,0,0,0,0,0,0,0,0,0,0,0,0,0,0,0,0,0,0,0,0,0,0,0,0,0,0,0,0,0,0,0,0,0,0,0,0,0,0,0,0,0,0,0,0,0,0,0,0,0,0,0,0,0,0,0,0,0,0,0,0,0,0,0,0,0,0,0,0,0,0,0,0,0,0,0,0,0,0,0,0,0,0,0,0,0,0,0,65
