顶点列表:
12806.450,13831.755;12770.300,13865.200;12726.000,13905.900;12681.501,13946.400;12636.900,13986.800;12592.200,14027.101;12547.400,14067.200;12502.500,14107.101;12457.400,14147.001;12412.200,14186.600;12366.801,14226.200;12321.400,14265.600;12275.800,14304.801;12230.101,14343.900;12184.300,14382.900;12138.300,14421.700;12092.200,14460.300;12046.000,14498.800;11999.700,14537.200;11953.200,14575.400;11906.700,14613.500;11860.000,14651.400;11813.200,14689.200;11766.200,14726.800;11719.200,14764.300;11672.000,14801.600;11624.700,14838.800;11577.300,14875.800;11529.800,14912.700;11482.100,14949.400;11434.400,14985.900;11386.499,15022.400;11338.500,15058.600;11290.400,15094.700;11242.101,15130.700;11193.800,15166.500;11145.400,15202.100;11096.800,15237.600;11048.100,15272.900;10999.300,15308.100;10950.400,15343.100;10901.400,15378.000;10852.300,15412.700;10803.000,15447.300;10753.700,15481.600;10704.200,15515.901;10654.700,15550.000;10605.000,15583.900;10555.200,15617.599;10505.300,15651.200;10455.300,15684.700;10405.200,15718.000;10355.000,15751.100;10304.700,15784.100;10254.300,15816.900;10203.700,15849.499;10153.100,15882.000;10102.400,15914.300;10051.500,15946.500;10000.600,15978.500;9949.600,16010.300;9898.400,16042.000;9847.200,16073.500;9795.800,16104.800;9744.400,16136.000;9692.900,16167.000;9641.200,16197.800;9589.500,16228.500;9537.600,16259.000;9485.700,16289.400;9433.700,16319.600;9381.600,16349.600;9329.300,16379.400;9277.000,16409.099;9224.600,16438.700;9172.101,16468.000;9119.500,16497.200;9066.800,16526.200;9014.000,16555.100;8961.200,16583.700;8908.200,16612.200;8855.200,16640.600;8801.999,16668.800;8748.800,16696.800;8695.400,16724.600;8642.000,16752.300;8588.500,16779.800;8534.900,16807.100;8481.300,16834.200;8427.500,16861.199;8373.700,16888.000;8319.700,16914.600;8265.700,16941.100;8211.600,16967.401;8157.400,16993.500;8103.100,17019.500;8048.801,17045.200;7994.400,17070.800;7939.799,17096.200;7885.300,17121.500;7830.599,17146.600;7775.800,17171.500;7721.000,17196.200;7666.100,17220.800;7611.100,17245.100;7556.000,17269.300;7500.900,17293.300;7445.600,17317.200;7390.400,17340.900;7335.000,17364.400;7279.500,17387.700;7224.000,17410.800;7168.400,17433.800;7112.700,17456.600;7057.000,17479.200;7001.200,17501.600;6945.300,17523.900;6889.400,17545.899;6833.300,17567.800;6777.200,17589.500;6721.100,17611.100;6664.800,17632.400;6608.500,17653.600;6552.201,17674.600;6495.700,17695.400;6439.200,17716.099;6382.700,17736.500;6326.000,17756.800;6269.300,17776.900;6212.601,17796.800;6155.800,17816.600;6098.900,17836.100;6041.900,17855.501;5984.900,17874.700;5927.900,17893.700;5870.700,17912.500;5813.500,17931.100;5756.300,17949.600;5699.000,17967.899;5641.600,17986.000;5584.200,18003.900;5526.700,18021.601;5469.200,18039.200;5411.600,18056.501;5353.900,18073.700;5296.200,18090.701;5238.500,18107.500;5180.700,18124.100;5122.800,18140.600;5064.901,18156.800;5006.900,18172.900;4948.900,18188.800;4890.800,18204.500;4832.699,18220.000;4774.600,18235.300;4716.400,18250.500;4658.100,18265.400;4599.800,18280.200;4541.400,18294.800;4483.000,18309.200;4424.600,18323.400;4366.100,18337.400;4307.499,18351.200;4249.000,18364.900;4190.300,18378.400;4131.700,18391.600;4073.000,18404.700;4014.200,18417.600;3955.400,18430.300;3896.600,18442.900;3837.700,18455.200;3778.800,18467.400;3719.800,18479.300;3660.900,18491.100;3601.800,18502.700;3542.800,18514.100;3483.700,18525.300;3424.500,18536.300;3365.400,18547.200;3306.200,18557.800;3246.900,18568.300;3187.700,18578.500;3128.400,18588.600;3069.000,18598.500;3009.700,18608.200;2950.300,18617.700;2890.900,18627.000;2831.401,18636.200;2771.900,18645.100;2712.400,18653.800;2652.900,18662.400;2593.300,18670.800;2533.700,18679.000;2474.100,18686.900;2414.400,18694.701;2354.800,18702.400;2295.100,18709.800;2235.400,18717.000;2175.600,18724.000;2115.900,18730.900;2056.100,18737.500;1996.300,18744.000;1936.500,18750.300;1876.600,18756.400;1816.800,18762.300;1756.900,18768.000;1697.000,18773.500;1637.100,18778.800;1577.100,18783.900;1517.200,18788.900;1457.200,18793.600;1397.200,18798.200;1337.200,18802.500;1277.200,18806.700;1217.200,18810.700;1157.200,18814.501;1097.100,18818.100;1037.100,18821.500;977.000,18824.700;916.900,18827.700;856.900,18830.500;796.800,18833.200;736.700,18835.600;676.600,18837.900;616.401,18839.900;556.300,18841.800;496.200,18843.500;436.100,18845.000;375.900,18846.300;315.800,18847.400;255.600,18848.300;195.500,18849.000;135.300,18849.500;75.200,18849.901;75.000,18849.900;75.000,21779.867;96.900,21779.800;161.500,21779.400;226.100,21778.800;290.700,21778.100;355.300,21777.100;419.900,21776.000;484.500,21774.600;549.100,21773.100;613.700,21771.400;678.300,21769.400;742.900,21767.300;807.500,21765.000;872.000,21762.500;936.600,21759.900;1001.100,21757.000;1065.700,21753.900;1130.201,21750.700;1194.700,21747.200;1259.200,21743.600;1323.700,21739.700;1388.200,21735.699;1452.700,21731.500;1517.100,21727.100;1581.600,21722.500;1646.000,21717.700;1710.400,21712.700;1774.900,21707.600;1839.200,21702.200;1903.600,21696.700;1968.001,21690.900;2032.301,21685.000;2096.600,21678.900;2160.900,21672.500;2225.200,21666.001;2289.500,21659.300;2353.700,21652.500;2417.900,21645.401;2482.100,21638.100;2546.300,21630.700;2610.500,21623.000;2674.600,21615.200;2738.700,21607.100;2802.800,21598.900;2866.899,21590.500;2930.900,21581.900;2994.900,21573.100;3058.900,21564.100;3122.900,21555.000;3186.800,21545.600;3250.700,21536.100;3314.600,21526.300;3378.400,21516.400;3442.200,21506.301;3506.000,21496.000;3569.800,21485.500;3633.500,21474.800;3697.200,21463.900;3760.800,21452.900;3824.500,21441.600;3888.100,21430.200;3951.600,21418.500;4015.100,21406.700;4078.600,21394.700;4142.100,21382.500;4205.500,21370.100;4268.900,21357.600;4332.200,21344.800;4395.500,21331.900;4458.800,21318.700;4522.000,21305.400;4585.200,21291.900;4648.300,21278.200;4711.400,21264.300;4774.500,21250.300;4837.500,21236.001;4900.500,21221.600;4963.400,21206.900;5026.300,21192.100;5089.200,21177.100;5152.000,21161.900;5214.700,21146.500;5277.400,21131.000;5340.100,21115.200;5402.700,21099.300;5465.300,21083.200;5527.800,21066.900;5590.300,21050.401;5652.700,21033.699;5715.100,21016.800;5777.400,20999.800;5839.600,20982.600;5901.900,20965.100;5964.000,20947.500;6026.199,20929.800;6088.200,20911.800;6150.200,20893.600;6212.200,20875.300;6274.100,20856.800;6335.900,20838.100;6397.701,20819.200;6459.400,20800.100;6521.100,20780.900;6582.700,20761.400;6644.300,20741.800;6705.800,20722.000;6767.300,20702.000;6828.599,20681.800;6890.000,20661.500;6951.200,20641.000;7012.401,20620.300;7073.600,20599.400;7134.601,20578.300;7195.700,20557.000;7256.600,20535.600;7317.499,20514.000;7378.300,20492.201;7439.100,20470.200;7499.800,20448.000;7560.400,20425.700;7621.000,20403.200;7681.500,20380.500;7741.900,20357.600;7802.200,20334.600;7862.500,20311.300;7922.700,20287.900;7982.900,20264.300;8043.000,20240.500;8103.000,20216.600;8162.900,20192.500;8222.801,20168.200;8282.600,20143.699;8342.300,20119.000;8402.000,20094.200;8461.500,20069.199;8521.000,20044.000;8580.500,20018.600;8639.800,19993.100;8699.101,19967.400;8758.300,19941.500;8817.400,19915.400;8876.400,19889.100;8935.400,19862.700;8994.300,19836.100;9053.099,19809.400;9111.800,19782.400;9170.500,19755.300;9229.000,19728.000;9287.500,19700.500;9345.900,19672.900;9404.200,19645.100;9462.499,19617.100;9520.600,19588.900;9578.700,19560.600;9636.700,19532.099;9694.600,19503.400;9752.400,19474.600;9810.100,19445.600;9867.800,19416.400;9925.300,19387.000;9982.800,19357.500;10040.200,19327.800;10097.500,19297.900;10154.700,19267.900;10211.800,19237.700;10268.800,19207.300;10325.700,19176.800;10382.599,19146.000;10439.300,19115.200;10496.000,19084.100;10552.600,19052.900;10609.000,19021.500;10665.400,18989.900;10721.700,18958.200;10777.900,18926.300;10834.000,18894.300;10890.000,18862.000;10945.901,18829.700;11001.700,18797.100;11057.400,18764.400;11113.100,18731.500;11168.600,18698.400;11224.000,18665.200;11279.300,18631.900;11334.500,18598.300;11389.701,18564.600;11444.700,18530.701;11499.600,18496.700;11554.401,18462.500;11609.100,18428.100;11663.800,18393.600;11718.300,18358.900;11772.700,18324.099;11827.000,18289.101;11881.201,18253.900;11935.300,18218.600;11989.300,18183.100;12043.200,18147.500;12097.000,18111.700;12150.600,18075.700;12204.200,18039.600;12257.700,18003.300;12311.000,17966.801;12364.299,17930.200;12417.400,17893.500;12470.399,17856.600;12523.400,17819.500;12576.200,17782.300;12628.900,17744.900;12681.400,17707.300;12733.900,17669.600;12786.300,17631.800;12838.500,17593.800;12890.700,17555.600;12942.700,17517.301;12994.600,17478.800;13046.400,17440.200;13098.100,17401.400;13149.600,17362.500;13201.100,17323.400;13252.400,17284.200;13303.600,17244.800;13354.700,17205.201;13405.700,17165.500;13456.601,17125.700;13507.300,17085.700;13558.000,17045.600;13608.501,17005.300;13658.800,16964.800;13709.100,16924.200;13759.300,16883.500;13809.300,16842.600;13859.200,16801.500;13909.000,16760.400;13958.600,16719.000;14008.200,16677.500;14057.600,16635.900;14106.900,16594.100;14156.000,16552.199;14205.100,16510.100;14254.000,16467.900;14302.800,16425.600;14351.400,16383.100;14400.000,16340.400;14448.400,16297.600;14496.699,16254.700;14544.800,16211.600;14592.900,16168.400;14640.800,16125.000;14688.500,16081.500;14736.200,16037.900;14783.700,15994.100;14831.100,15950.200;14878.300,15906.100;14879.587,15904.892
短控制列表:
50,0,0,0,0,0,0,0,0,0,0,0,0,0,0,0,0,0,0,0,0,0,0,0,0,0,0,0,0,0,0,0,0,0,0,0,0,0,0,0,0,0,0,0,0,0,0,0,0,0,0,0,0,0,0,0,0,0,0,0,0,0,0,0,0,0,0,0,0,0,0,0,0,0,0,0,0,0,0,0,0,0,0,0,0,0,0,0,0,0,0,0,0,0,0,0,0,0,0,0,0,0,0,0,0,0,0,0,0,0,0,0,0,0,0,0,0,0,0,0,0,0,0,0,0,0,0,0,0,0,0,0,0,0,0,0,0,0,0,0,0,0,0,0,0,0,0,0,0,0,0,0,0,0,0,0,0,0,0,0,0,0,0,0,0,0,0,0,0,0,0,0,0,0,0,0,0,0,0,0,0,0,0,0,0,0,0,0,0,0,0,0,0,0,0,0,0,0,0,0,0,0,0,0,0,0,0,0,0,0,0,0,0,0,0,0,0,0,0,0,0,0,0,0,0,0,0,0,0,0,0,0,0,0,0,0,0,0,0,0,0,0,0,0,0,0,0,0,0,0,0,0,0,0,50,50,0,0,0,0,0,0,0,0,0,0,0,0,0,0,0,0,0,0,0,0,0,0,0,0,0,0,0,0,0,0,0,0,0,0,0,0,0,0,0,0,0,0,0,0,0,0,0,0,0,0,0,0,0,0,0,0,0,0,0,0,0,0,0,0,0,0,0,0,0,0,0,0,0,0,0,0,0,0,0,0,0,0,0,0,0,0,0,0,0,0,0,0,0,0,0,0,0,0,0,0,0,0,0,0,0,0,0,0,0,0,0,0,0,0,0,0,0,0,0,0,0,0,0,0,0,0,0,0,0,0,0,0,0,0,0,0,0,0,0,0,0,0,0,0,0,0,0,0,0,0,0,0,0,0,0,0,0,0,0,0,0,0,0,0,0,0,0,0,0,0,0,0,0,0,0,0,0,0,0,0,0,0,0,0,0,0,0,0,0,0,0,0,0,0,0,0,0,0,0,0,0,0,0,0,0,0,0,0,0,0,0,0,0,0,0,0,0,0,0,0,0,0,0,0,0,0,0,0,0,0,0,0,0,50
短控制列表2:
45,0,0,0,0,0,0,0,0,0,0,0,0,0,0,0,0,0,0,0,0,0,0,0,0,0,0,0,0,0,0,0,0,0,0,0,0,0,0,0,0,0,0,0,0,0,0,0,0,0,0,0,0,0,0,0,0,0,0,0,0,0,0,0,0,0,0,0,0,0,0,0,0,0,0,0,0,0,0,0,0,0,0,0,0,0,0,0,0,0,0,0,0,0,0,0,0,0,0,0,0,0,0,0,0,0,0,0,0,0,0,0,0,0,0,0,0,0,0,0,0,0,0,0,0,0,0,0,0,0,0,0,0,0,0,0,0,0,0,0,0,0,0,0,0,0,0,0,0,0,0,0,0,0,0,0,0,0,0,0,0,0,0,0,0,0,0,0,0,0,0,0,0,0,0,0,0,0,0,0,0,0,0,0,0,0,0,0,0,0,0,0,0,0,0,0,0,0,0,0,0,0,0,0,0,0,0,0,0,0,0,0,0,0,0,0,0,0,0,0,0,0,0,0,0,0,0,0,0,0,0,0,0,0,0,0,0,0,0,0,0,0,0,0,0,0,0,0,0,0,0,0,0,0,45,45,0,0,0,0,0,0,0,0,0,0,0,0,0,0,0,0,0,0,0,0,0,0,0,0,0,0,0,0,0,0,0,0,0,0,0,0,0,0,0,0,0,0,0,0,0,0,0,0,0,0,0,0,0,0,0,0,0,0,0,0,0,0,0,0,0,0,0,0,0,0,0,0,0,0,0,0,0,0,0,0,0,0,0,0,0,0,0,0,0,0,0,0,0,0,0,0,0,0,0,0,0,0,0,0,0,0,0,0,0,0,0,0,0,0,0,0,0,0,0,0,0,0,0,0,0,0,0,0,0,0,0,0,0,0,0,0,0,0,0,0,0,0,0,0,0,0,0,0,0,0,0,0,0,0,0,0,0,0,0,0,0,0,0,0,0,0,0,0,0,0,0,0,0,0,0,0,0,0,0,0,0,0,0,0,0,0,0,0,0,0,0,0,0,0,0,0,0,0,0,0,0,0,0,0,0,0,0,0,0,0,0,0,0,0,0,0,0,0,0,0,0,0,0,0,0,0,0,0,0,0,0,0,0,45
短控制列表3:
10,0,0,0,0,0,0,0,0,0,0,0,0,0,0,0,0,0,0,0,0,0,0,0,0,0,0,0,0,0,0,0,0,0,0,0,0,0,0,0,0,0,0,0,0,0,0,0,0,0,0,0,0,0,0,0,0,0,0,0,0,0,0,0,0,0,0,0,0,0,0,0,0,0,0,0,0,0,0,0,0,0,0,0,0,0,0,0,0,0,0,0,0,0,0,0,0,0,0,0,0,0,0,0,0,0,0,0,0,0,0,0,0,0,0,0,0,0,0,0,0,0,0,0,0,0,0,0,0,0,0,0,0,0,0,0,0,0,0,0,0,0,0,0,0,0,0,0,0,0,0,0,0,0,0,0,0,0,0,0,0,0,0,0,0,0,0,0,0,0,0,0,0,0,0,0,0,0,0,0,0,0,0,0,0,0,0,0,0,0,0,0,0,0,0,0,0,0,0,0,0,0,0,0,0,0,0,0,0,0,0,0,0,0,0,0,0,0,0,0,0,0,0,0,0,0,0,0,0,0,0,0,0,0,0,0,0,0,0,0,0,0,0,0,0,0,0,0,0,0,0,0,0,0,10,10,0,0,0,0,0,0,0,0,0,0,0,0,0,0,0,0,0,0,0,0,0,0,0,0,0,0,0,0,0,0,0,0,0,0,0,0,0,0,0,0,0,0,0,0,0,0,0,0,0,0,0,0,0,0,0,0,0,0,0,0,0,0,0,0,0,0,0,0,0,0,0,0,0,0,0,0,0,0,0,0,0,0,0,0,0,0,0,0,0,0,0,0,0,0,0,0,0,0,0,0,0,0,0,0,0,0,0,0,0,0,0,0,0,0,0,0,0,0,0,0,0,0,0,0,0,0,0,0,0,0,0,0,0,0,0,0,0,0,0,0,0,0,0,0,0,0,0,0,0,0,0,0,0,0,0,0,0,0,0,0,0,0,0,0,0,0,0,0,0,0,0,0,0,0,0,0,0,0,0,0,0,0,0,0,0,0,0,0,0,0,0,0,0,0,0,0,0,0,0,0,0,0,0,0,0,0,0,0,0,0,0,0,0,0,0,0,0,0,0,0,0,0,0,0,0,0,0,0,0,0,0,0,0,10
短控制列表4:
65,0,0,0,0,0,0,0,0,0,0,0,0,0,0,0,0,0,0,0,0,0,0,0,0,0,0,0,0,0,0,0,0,0,0,0,0,0,0,0,0,0,0,0,0,0,0,0,0,0,0,0,0,0,0,0,0,0,0,0,0,0,0,0,0,0,0,0,0,0,0,0,0,0,0,0,0,0,0,0,0,0,0,0,0,0,0,0,0,0,0,0,0,0,0,0,0,0,0,0,0,0,0,0,0,0,0,0,0,0,0,0,0,0,0,0,0,0,0,0,0,0,0,0,0,0,0,0,0,0,0,0,0,0,0,0,0,0,0,0,0,0,0,0,0,0,0,0,0,0,0,0,0,0,0,0,0,0,0,0,0,0,0,0,0,0,0,0,0,0,0,0,0,0,0,0,0,0,0,0,0,0,0,0,0,0,0,0,0,0,0,0,0,0,0,0,0,0,0,0,0,0,0,0,0,0,0,0,0,0,0,0,0,0,0,0,0,0,0,0,0,0,0,0,0,0,0,0,0,0,0,0,0,0,0,0,0,0,0,0,0,0,0,0,0,0,0,0,0,0,0,0,0,0,65,65,0,0,0,0,0,0,0,0,0,0,0,0,0,0,0,0,0,0,0,0,0,0,0,0,0,0,0,0,0,0,0,0,0,0,0,0,0,0,0,0,0,0,0,0,0,0,0,0,0,0,0,0,0,0,0,0,0,0,0,0,0,0,0,0,0,0,0,0,0,0,0,0,0,0,0,0,0,0,0,0,0,0,0,0,0,0,0,0,0,0,0,0,0,0,0,0,0,0,0,0,0,0,0,0,0,0,0,0,0,0,0,0,0,0,0,0,0,0,0,0,0,0,0,0,0,0,0,0,0,0,0,0,0,0,0,0,0,0,0,0,0,0,0,0,0,0,0,0,0,0,0,0,0,0,0,0,0,0,0,0,0,0,0,0,0,0,0,0,0,0,0,0,0,0,0,0,0,0,0,0,0,0,0,0,0,0,0,0,0,0,0,0,0,0,0,0,0,0,0,0,0,0,0,0,0,0,0,0,0,0,0,0,0,0,0,0,0,0,0,0,0,0,0,0,0,0,0,0,0,0,0,0,0,65
加长控制列表:
0,0,0,0,0,0,0,0,0,0,0,0,0,0,0,0,0,0,0,0,0,0,0,0,0,0,0,0,0,0,0,0,0,0,0,0,0,0,0,0,0,0,0,0,0,0,0,0,0,0,0,0,0,0,0,0,0,0,0,0,0,0,0,0,0,0,0,0,0,0,0,0,0,0,0,0,0,0,0,0,0,0,0,0,0,0,0,0,0,0,0,0,0,0,0,0,0,0,0,0,0,0,0,0,0,0,0,0,0,0,0,0,0,0,0,0,0,0,0,0,0,0,0,0,0,0,0,0,0,0,0,0,0,0,0,0,0,0,0,0,0,0,0,0,0,0,0,0,0,0,0,0,0,0,0,0,0,0,0,0,0,0,0,0,0,0,0,0,0,0,0,0,0,0,0,0,0,0,0,0,0,0,0,0,0,0,0,0,0,0,0,0,0,0,0,0,0,0,0,0,0,0,0,0,0,0,0,0,0,0,0,0,0,0,0,0,0,0,0,0,0,0,0,0,0,0,0,0,0,0,0,0,0,0,0,0,0,0,0,0,0,0,0,0,0,0,0,0,0,0,0,0,0,0,0,0,0,0,0,0,0,0,0,0,0,0,0,0,0,0,0,0,0,0,0,0,0,0,0,0,0,0,0,0,0,0,0,0,0,0,0,0,0,0,0,0,0,0,0,0,0,0,0,0,0,0,0,0,0,0,0,0,0,0,0,0,0,0,0,0,0,0,0,0,0,0,0,0,0,0,0,0,0,0,0,0,0,0,0,0,0,0,0,0,0,0,0,0,0,0,0,0,0,0,0,0,0,0,0,0,0,0,0,0,0,0,0,0,0,0,0,0,0,0,0,0,0,0,0,0,0,0,0,0,0,0,0,0,0,0,0,0,0,0,0,0,0,0,0,0,0,0,0,0,0,0,0,0,0,0,0,0,0,0,0,0,0,0,0,0,0,0,0,0,0,0,0,0,0,0,0,0,0,0,0,0,0,0,0,0,0,0,0,0,0,0,0,0,0,0,0,0,0,0,0,0,0,0,0,0,0,0,0,0,0,0,0,0,0,0,0,0,0,0,0,0,0,0,0,0,0,0,0,0,0,0,0,0,0,0,65,0,0,0,0,0,0,0,0,0,0,0,0,0,0,0,0,0,0,0,0,0,0,0,0,0,0,0,0,0,0,0,0,0,0,0,0,0,0,0,0,0,0,0,0,0,0,0,0,0,0,0,0,0,0,0,0,0,0,0,0,0,0,0,0,0,0,0,0,0,0,0,0,0,0,0,0,0,0,0,0,0,0,0,0,0,0,0,0,0,0,0,0,0,0,0,0,0,0,0,0,0,0,0,0,0,0,0,0,0,0,0,0,0,0,0,0,0,0,0,0,0,0,0,0,0,0,0,0,0,0,0,0,0,0,0,0,0,0,0,0,0,0,0,0,0,0,0,0,0,0,0,0,0,0,0,0,0,0,0,0,0,0,0,0,0,0,0,0,0,0,0,0,0,0,0,0,0,0,0,0,0,0,0,0,0,0,0,0,0,0,0,0,0,0,0,0,0,0,0,0,0,0,0,0,0,0,0,0,0,0,0,0,0,0,0,0,0,0,0,0,0,0,0,0,0,0,0,0,0,0,0,0,0,0,0,0,0,0,0,0,0,0,0,0,0,0,0,0,0,0,0,0,0,65,65,0,0,0,0,0,0,0,0,0,0,0,0,0,0,0,0,0,0,0,0,0,0,0,0,0,0,0,0,0,0,0,0,0,0,0,0,0,0,0,0,0,0,0,0,0,0,0,0,0,0,0,0,0,0,0,0,0,0,0,0,0,0,0,0,0,0,0,0,0,0,0,0,0,0,0,0,0,0,0,0,0,0,0,0,0,0,0,0,0,0,0,0,0,0,0,0,0,0,0,0,0,0,0,0,0,0,0,0,0,0,0,0,0,0,0,0,0,0,0,0,0,0,0,0,0,0,0,0,0,0,0,0,0,0,0,0,0,0,0,0,0,0,0,0,0,0,0,0,0,0,0,0,0,0,0,0,0,0,0,0,0,0,0,0,0,0,0,0,0,0,0,0,0,0,0,0,0,0,0,0,0,0,0,0,0,0,0,0,0,0,0,0,0,0,0,0,0,0,0,0,0,0,0,0,0,0,0,0,0,0,0,0,0,0,0,0,0,0,0,0,0,0,0,0,0,0,0,0,0,0,0,0,0,65
