14933.21300	16128.22400
14921.80000	16138.80000
14874.10000	16182.80100
14826.20000	16226.70000
14778.20000	16270.40000
14730.00000	16314.00000
14681.70000	16357.50000
14633.30000	16400.80000
14584.80000	16444.00000
14536.09900	16487.00000
14487.30000	16529.89900
14438.40000	16572.60000
14389.40000	16615.20000
14340.20000	16657.70000
14290.90000	16700.00000
14241.50000	16742.20000
14192.00000	16784.20000
14142.30000	16826.10000
14092.50000	16867.80000
14042.60000	16909.40000
13992.60000	16950.80000
13942.40000	16992.10100
13892.10000	17033.20000
13841.70000	17074.20100
13791.20000	17115.00100
13740.60000	17155.70000
13689.80000	17196.20000
13638.90000	17236.60000
13587.90000	17276.80000
13536.80000	17316.89900
13485.60000	17356.90000
13434.20000	17396.60000
13382.70000	17436.30000
13331.10000	17475.70000
13279.40000	17515.10000
13227.60000	17554.20000
13175.70000	17593.20000
13123.60000	17632.10000
13071.50000	17670.80000
13019.20000	17709.40000
12966.80000	17747.80000
12914.30000	17786.00000
12861.70000	17824.10000
12808.90000	17862.00000
12756.10000	17899.80000
12703.10000	17937.40000
12650.10000	17974.90000
12596.90000	18012.20000
12543.60000	18049.40100
12490.20000	18086.40000
12436.70000	18123.20100
12383.10000	18159.89900
12329.30000	18196.40000
12275.50000	18232.70000
12221.60000	18268.90000
12167.50000	18305.00000
12113.40000	18340.90000
12059.10000	18376.60000
12004.80000	18412.10000
11950.30000	18447.50000
11895.70000	18482.80000
11841.00000	18517.90000
11786.30000	18552.80000
11731.40000	18587.50000
11676.40000	18622.10000
11621.30000	18656.50000
11566.10000	18690.80000
11510.80000	18724.90000
11455.40000	18758.80000
11399.90000	18792.59900
11344.40000	18826.20000
11288.70000	18859.70000
11232.90000	18892.90000
11177.00000	18926.10000
11121.00000	18959.00000
11064.90000	18991.80000
11008.80000	19024.40000
10952.50000	19056.90000
10839.69900	19121.30000
10783.10100	19153.20000
10726.40000	19185.00000
10669.70000	19216.60000
10612.90100	19248.10000
10555.90000	19279.40000
10498.90000	19310.50000
10441.80000	19341.40100
10384.60000	19372.20000
10327.29900	19402.80000
10269.89900	19433.20000
10212.40000	19463.50000
10154.80000	19493.60000
10097.20000	19523.50000
10039.40000	19553.30000
9981.60000	19582.89900
9923.70000	19612.30000
9865.70000	19641.50000
9807.60000	19670.60000
9749.40000	19699.50000
9691.20000	19728.20000
9632.80000	19756.80000
9574.40000	19785.20000
9515.90000	19813.40000
9457.29900	19841.40000
9398.60000	19869.30000
9281.00000	19924.50000
9222.10000	19951.80100
9163.10000	19979.00000
9104.00000	20006.00000
9044.80000	20032.80000
8985.60000	20059.40000
8926.20000	20085.90100
8866.79900	20112.20000
8807.40000	20138.30000
8747.80000	20164.30000
8688.20000	20190.00000
8628.50000	20215.60000
8568.70000	20240.99900
8508.80000	20266.30000
8448.90000	20291.30000
8388.90000	20316.20000
8328.80000	20340.90000
8268.60100	20365.40000
8208.40000	20389.80000
8148.10000	20413.90000
8087.80000	20437.90000
8027.30000	20461.70000
7966.80000	20485.40000
7906.20000	20508.80000
7845.60000	20532.10000
7784.90000	20555.20000
7724.10000	20578.10100
7663.20000	20600.90000
7602.30000	20623.40000
7541.30000	20645.80000
7480.30000	20668.00000
7419.20000	20690.00000
7358.00000	20711.90000
7296.80000	20733.50000
7235.40000	20755.00000
7174.10000	20776.30000
7112.60000	20797.40000
7051.10100	20818.30000
6989.60000	20839.09900
6928.00000	20859.60000
6866.30000	20880.00000
6804.60000	20900.20000
6742.80000	20920.20000
6680.90000	20940.10000
6619.00000	20959.70000
6557.00000	20979.20000
6495.00000	20998.50000
6432.90000	21017.60000
6370.70000	21036.50000
6308.60000	21055.20000
6246.30000	21073.80000
6184.00000	21092.20000
6121.60000	21110.30000
6059.20000	21128.30000
5996.70000	21146.20000
5934.20100	21163.80000
5871.60000	21181.20000
5809.00000	21198.50000
5746.30000	21215.60000
5683.60000	21232.50000
5620.80000	21249.20000
5558.00000	21265.70000
5495.10000	21282.00000
5432.20000	21298.20000
5369.30000	21314.10000
5306.20000	21329.90000
5243.20000	21345.50000
5180.10000	21360.90000
5116.90000	21376.10000
5053.70000	21391.09900
4990.50000	21406.00000
4927.20000	21420.60000
4863.90000	21435.10000
4800.50000	21449.40000
4737.10000	21463.50000
4673.60000	21477.40000
4610.10000	21491.10100
4546.60000	21504.60000
4483.00000	21518.00000
4419.40000	21531.10000
4355.80000	21544.10000
4292.10000	21556.90000
4228.30000	21569.50000
4164.60000	21581.90000
4100.80000	21594.10000
4036.90000	21606.10000
3973.10000	21617.90000
3909.20000	21629.60000
3845.20000	21641.10100
3781.20000	21652.30000
3717.20000	21663.40000
3653.20000	21674.30000
3589.09900	21685.00000
3525.00000	21695.50000
3460.89900	21705.80000
3396.70000	21715.99900
3332.50000	21725.90000
3268.30000	21735.70000
3204.10000	21745.20000
3139.80000	21754.60000
3075.49900	21763.80000
3011.10000	21772.80000
2946.80000	21781.60000
2882.40000	21790.20000
2818.00000	21798.60000
2753.50000	21806.89900
2689.10000	21814.90000
2624.60000	21822.79900
2560.10000	21830.40000
2495.60000	21837.90000
2431.00100	21845.20000
2366.40000	21852.30000
2301.80000	21859.20000
2237.20000	21865.90000
2172.60000	21872.40000
2108.00000	21878.70000
2043.30000	21884.80000
1978.60000	21890.80100
1913.90000	21896.50000
1849.19900	21902.10000
1784.40000	21907.50000
1719.70000	21912.60100
1654.90000	21917.60100
1590.10000	21922.40000
1525.30000	21926.99900
1460.50000	21931.40000
1395.70000	21935.70000
1330.90000	21939.70000
1266.00000	21943.50000
1201.20000	21947.20000
1136.30000	21950.60100
1071.40000	21953.90000
1006.50000	21957.00100
941.60000	21959.80000
876.70000	21962.50000
811.80000	21965.00000
746.90000	21967.30000
682.00000	21969.40000
617.00000	21971.30000
552.10000	21973.10000
487.20000	21974.60000
422.20000	21976.00000
357.30000	21977.10000
292.30000	21978.10000
227.40100	21978.80000
162.40000	21979.40000
97.40000	21979.80000
75.00000	21979.86800
75.00000	24300.00000
2645.00000	24300.00000
2644.99900	24859.66400
2695.80000	24854.20000
2764.70000	24846.70000
2833.50000	24838.90100
2902.30000	24830.99900
2971.10000	24822.80000
3039.90000	24814.50000
3108.60000	24806.00000
3177.29900	24797.30000
3246.00000	24788.40000
3314.60000	24779.30000
3383.29900	24770.00000
3451.90000	24760.60000
3520.50000	24750.90000
3589.00000	24741.00000
3657.50000	24731.00000
3726.00000	24720.80000
3794.50000	24710.40000
3863.00000	24699.80100
3931.40000	24689.00000
3999.80000	24678.00000
4068.10100	24666.80000
4136.40000	24655.40000
4204.70000	24643.90000
4273.00000	24632.10000
4341.20000	24620.19900
4409.40000	24608.10000
4477.50100	24595.80000
4545.70000	24583.30000
4613.80000	24570.60000
4681.80000	24557.70000
4749.80000	24544.70000
4817.80000	24531.40000
4885.70100	24518.00000
4953.60000	24504.30000
5021.50000	24490.50000
5089.30000	24476.50100
5157.10000	24462.30000
5224.90000	24447.90000
5292.60000	24433.40000
5360.30000	24418.60000
5427.90000	24403.70000
5495.50000	24388.50000
5563.00000	24373.20000
5630.50000	24357.70000
5698.00000	24342.00000
5765.40000	24326.10000
5832.80000	24310.10000
5900.10000	24293.80000
5967.40000	24277.40000
6034.60000	24260.80000
6101.80000	24243.90000
6168.90000	24226.90000
6236.00000	24209.80000
6303.10000	24192.40000
6370.10000	24174.80000
6437.00000	24157.10000
6503.90000	24139.20000
6570.80000	24121.10000
6637.60000	24102.80000
6704.30000	24084.30000
6771.00000	24065.60000
6837.60000	24046.80000
6904.20000	24027.70000
6970.80000	24008.50000
7037.30000	23989.10000
7103.69900	23969.50000
7170.10000	23949.80000
7236.40000	23929.80000
7302.70000	23909.70000
7368.90000	23889.30000
7435.00000	23868.80000
7501.10000	23848.10000
7567.20000	23827.30000
7633.10000	23806.20000
7699.10000	23785.00000
7764.90000	23763.60000
7830.70000	23742.00000
7896.50000	23720.20000
7962.20100	23698.20000
8027.80000	23676.10000
8093.30000	23653.70000
8158.80000	23631.20000
8224.30000	23608.50000
8289.60000	23585.60000
8355.00000	23562.60000
8420.20000	23539.30000
8485.40000	23515.89900
8550.50000	23492.30000
8615.50000	23468.60000
8680.50000	23444.60000
8745.40000	23420.50000
8810.30000	23396.10000
8875.10000	23371.60000
8939.80000	23347.00000
9004.40000	23322.10000
9069.00000	23297.10000
9133.50000	23271.90000
9198.00000	23246.50000
9262.30000	23220.90000
9326.60100	23195.10000
9390.80000	23169.20000
9455.00100	23143.10000
9519.10000	23116.80000
9583.10000	23090.39900
9647.00000	23063.70000
9710.90000	23036.90000
9774.60000	23009.90000
9838.40000	22982.80000
9902.00000	22955.40000
9965.50000	22927.90000
10029.00000	22900.20000
10092.40000	22872.30000
10155.80000	22844.29900
10219.00000	22816.10000
10282.20000	22787.70000
10345.30000	22759.10000
10408.30000	22730.30000
10471.20000	22701.39900
10534.10000	22672.30100
10596.80100	22643.10000
10659.50000	22613.60000
10722.10000	22584.00000
10784.60000	22554.20000
10847.10000	22524.20100
10909.40000	22494.10000
10971.70000	22463.80000
11033.90000	22433.30000
11096.00000	22402.70000
11158.00000	22371.80000
11220.00000	22340.80000
11281.80000	22309.70000
11343.59900	22278.30000
11405.30000	22246.80000
11466.90000	22215.10000
11528.40000	22183.30000
11589.80000	22151.30000
11651.10000	22119.10000
11712.30000	22086.70000
11773.50000	22054.20000
11834.50000	22021.50000
11895.50000	21988.60000
11956.30000	21955.60000
12017.10000	21922.30000
12077.80000	21889.00000
12138.39900	21855.40000
12198.90000	21821.70000
12259.30000	21787.80000
12319.60000	21753.80000
12379.80000	21719.60000
12439.99900	21685.20000
12500.00000	21650.70000
12619.80000	21581.10000
12679.50000	21546.00000
12739.10000	21510.80100
12798.70100	21475.40000
12858.10000	21439.90000
12917.50000	21404.20000
12976.70000	21368.30000
13035.90000	21332.30000
13094.90000	21296.10000
13153.90000	21259.70000
13212.70000	21223.20000
13271.50000	21186.50000
13330.10000	21149.70000
13388.70000	21112.70000
13447.10100	21075.50000
13505.40000	21038.20000
13563.70000	21000.70000
13621.80000	20963.00000
13679.80000	20925.20000
13737.70000	20887.20000
13795.50100	20849.10000
13853.20000	20810.80000
13910.80000	20772.30000
13968.30000	20733.70000
14025.70000	20694.90100
14083.00000	20656.00000
14140.20000	20616.90000
14197.20000	20577.60000
14254.20000	20538.20000
14311.00000	20498.70000
14367.80000	20458.90000
14424.40000	20419.10000
14480.90000	20379.00100
14537.30000	20338.80000
14593.60100	20298.50000
14649.80000	20258.00000
14705.80000	20217.30000
14761.80000	20176.50000
14817.60000	20135.50000
14873.40000	20094.40100
14929.00000	20053.10000
14984.50000	20011.70000
15039.80000	19970.10100
15095.10100	19928.30000
15097.18100	19926.72000
14746.71200	19576.25100
16563.97600	17758.98700