顶点列表:
14933.213,16128.224;14921.800,16138.800;14874.100,16182.801;14826.200,16226.700;14778.200,16270.400;14730.000,16314.000;14681.700,16357.500;14633.300,16400.800;14584.800,16444.000;14536.099,16487.000;14487.300,16529.899;14438.400,16572.600;14389.400,16615.200;14340.200,16657.700;14290.900,16700.000;14241.500,16742.200;14192.000,16784.200;14142.300,16826.100;14092.500,16867.800;14042.600,16909.400;13992.600,16950.800;13942.400,16992.101;13892.100,17033.200;13841.700,17074.201;13791.200,17115.001;13740.600,17155.700;13689.800,17196.200;13638.900,17236.600;13587.900,17276.800;13536.800,17316.899;13485.600,17356.900;13434.200,17396.600;13382.700,17436.300;13331.100,17475.700;13279.400,17515.100;13227.600,17554.200;13175.700,17593.200;13123.600,17632.100;13071.500,17670.800;13019.200,17709.400;12966.800,17747.800;12914.300,17786.000;12861.700,17824.100;12808.900,17862.000;12756.100,17899.800;12703.100,17937.400;12650.100,17974.900;12596.900,18012.200;12543.600,18049.401;12490.200,18086.400;12436.700,18123.201;12383.100,18159.899;12329.300,18196.400;12275.500,18232.700;12221.600,18268.900;12167.500,18305.000;12113.400,18340.900;12059.100,18376.600;12004.800,18412.100;11950.300,18447.500;11895.700,18482.800;11841.000,18517.900;11786.300,18552.800;11731.400,18587.500;11676.400,18622.100;11621.300,18656.500;11566.100,18690.800;11510.800,18724.900;11455.400,18758.800;11399.900,18792.599;11344.400,18826.200;11288.700,18859.700;11232.900,18892.900;11177.000,18926.100;11121.000,18959.000;11064.900,18991.800;11008.800,19024.400;10952.500,19056.900;10839.699,19121.300;10783.101,19153.200;10726.400,19185.000;10669.700,19216.600;10612.901,19248.100;10555.900,19279.400;10498.900,19310.500;10441.800,19341.401;10384.600,19372.200;10327.299,19402.800;10269.899,19433.200;10212.400,19463.500;10154.800,19493.600;10097.200,19523.500;10039.400,19553.300;9981.600,19582.899;9923.700,19612.300;9865.700,19641.500;9807.600,19670.600;9749.400,19699.500;9691.200,19728.200;9632.800,19756.800;9574.400,19785.200;9515.900,19813.400;9457.299,19841.400;9398.600,19869.300;9281.000,19924.500;9222.100,19951.801;9163.100,19979.000;9104.000,20006.000;9044.800,20032.800;8985.600,20059.400;8926.200,20085.901;8866.799,20112.200;8807.400,20138.300;8747.800,20164.300;8688.200,20190.000;8628.500,20215.600;8568.700,20240.999;8508.800,20266.300;8448.900,20291.300;8388.900,20316.200;8328.800,20340.900;8268.601,20365.400;8208.400,20389.800;8148.100,20413.900;8087.800,20437.900;8027.300,20461.700;7966.800,20485.400;7906.200,20508.800;7845.600,20532.100;7784.900,20555.200;7724.100,20578.101;7663.200,20600.900;7602.300,20623.400;7541.300,20645.800;7480.300,20668.000;7419.200,20690.000;7358.000,20711.900;7296.800,20733.500;7235.400,20755.000;7174.100,20776.300;7112.600,20797.400;7051.101,20818.300;6989.600,20839.099;6928.000,20859.600;6866.300,20880.000;6804.600,20900.200;6742.800,20920.200;6680.900,20940.100;6619.000,20959.700;6557.000,20979.200;6495.000,20998.500;6432.900,21017.600;6370.700,21036.500;6308.600,21055.200;6246.300,21073.800;6184.000,21092.200;6121.600,21110.300;6059.200,21128.300;5996.700,21146.200;5934.201,21163.800;5871.600,21181.200;5809.000,21198.500;5746.300,21215.600;5683.600,21232.500;5620.800,21249.200;5558.000,21265.700;5495.100,21282.000;5432.200,21298.200;5369.300,21314.100;5306.200,21329.900;5243.200,21345.500;5180.100,21360.900;5116.900,21376.100;5053.700,21391.099;4990.500,21406.000;4927.200,21420.600;4863.900,21435.100;4800.500,21449.400;4737.100,21463.500;4673.600,21477.400;4610.100,21491.101;4546.600,21504.600;4483.000,21518.000;4419.400,21531.100;4355.800,21544.100;4292.100,21556.900;4228.300,21569.500;4164.600,21581.900;4100.800,21594.100;4036.900,21606.100;3973.100,21617.900;3909.200,21629.600;3845.200,21641.101;3781.200,21652.300;3717.200,21663.400;3653.200,21674.300;3589.099,21685.000;3525.000,21695.500;3460.899,21705.800;3396.700,21715.999;3332.500,21725.900;3268.300,21735.700;3204.100,21745.200;3139.800,21754.600;3075.499,21763.800;3011.100,21772.800;2946.800,21781.600;2882.400,21790.200;2818.000,21798.600;2753.500,21806.899;2689.100,21814.900;2624.600,21822.799;2560.100,21830.400;2495.600,21837.900;2431.001,21845.200;2366.400,21852.300;2301.800,21859.200;2237.200,21865.900;2172.600,21872.400;2108.000,21878.700;2043.300,21884.800;1978.600,21890.801;1913.900,21896.500;1849.199,21902.100;1784.400,21907.500;1719.700,21912.601;1654.900,21917.601;1590.100,21922.400;1525.300,21926.999;1460.500,21931.400;1395.700,21935.700;1330.900,21939.700;1266.000,21943.500;1201.200,21947.200;1136.300,21950.601;1071.400,21953.900;1006.500,21957.001;941.600,21959.800;876.700,21962.500;811.800,21965.000;746.900,21967.300;682.000,21969.400;617.000,21971.300;552.100,21973.100;487.200,21974.600;422.200,21976.000;357.300,21977.100;292.300,21978.100;227.401,21978.800;162.400,21979.400;97.400,21979.800;75.000,21979.868;75.000,24300.000;2645.000,24300.000;2644.999,24859.664;2695.800,24854.200;2764.700,24846.700;2833.500,24838.901;2902.300,24830.999;2971.100,24822.800;3039.900,24814.500;3108.600,24806.000;3177.299,24797.300;3246.000,24788.400;3314.600,24779.300;3383.299,24770.000;3451.900,24760.600;3520.500,24750.900;3589.000,24741.000;3657.500,24731.000;3726.000,24720.800;3794.500,24710.400;3863.000,24699.801;3931.400,24689.000;3999.800,24678.000;4068.101,24666.800;4136.400,24655.400;4204.700,24643.900;4273.000,24632.100;4341.200,24620.199;4409.400,24608.100;4477.501,24595.800;4545.700,24583.300;4613.800,24570.600;4681.800,24557.700;4749.800,24544.700;4817.800,24531.400;4885.701,24518.000;4953.600,24504.300;5021.500,24490.500;5089.300,24476.501;5157.100,24462.300;5224.900,24447.900;5292.600,24433.400;5360.300,24418.600;5427.900,24403.700;5495.500,24388.500;5563.000,24373.200;5630.500,24357.700;5698.000,24342.000;5765.400,24326.100;5832.800,24310.100;5900.100,24293.800;5967.400,24277.400;6034.600,24260.800;6101.800,24243.900;6168.900,24226.900;6236.000,24209.800;6303.100,24192.400;6370.100,24174.800;6437.000,24157.100;6503.900,24139.200;6570.800,24121.100;6637.600,24102.800;6704.300,24084.300;6771.000,24065.600;6837.600,24046.800;6904.200,24027.700;6970.800,24008.500;7037.300,23989.100;7103.699,23969.500;7170.100,23949.800;7236.400,23929.800;7302.700,23909.700;7368.900,23889.300;7435.000,23868.800;7501.100,23848.100;7567.200,23827.300;7633.100,23806.200;7699.100,23785.000;7764.900,23763.600;7830.700,23742.000;7896.500,23720.200;7962.201,23698.200;8027.800,23676.100;8093.300,23653.700;8158.800,23631.200;8224.300,23608.500;8289.600,23585.600;8355.000,23562.600;8420.200,23539.300;8485.400,23515.899;8550.500,23492.300;8615.500,23468.600;8680.500,23444.600;8745.400,23420.500;8810.300,23396.100;8875.100,23371.600;8939.800,23347.000;9004.400,23322.100;9069.000,23297.100;9133.500,23271.900;9198.000,23246.500;9262.300,23220.900;9326.601,23195.100;9390.800,23169.200;9455.001,23143.100;9519.100,23116.800;9583.100,23090.399;9647.000,23063.700;9710.900,23036.900;9774.600,23009.900;9838.400,22982.800;9902.000,22955.400;9965.500,22927.900;10029.000,22900.200;10092.400,22872.300;10155.800,22844.299;10219.000,22816.100;10282.200,22787.700;10345.300,22759.100;10408.300,22730.300;10471.200,22701.399;10534.100,22672.301;10596.801,22643.100;10659.500,22613.600;10722.100,22584.000;10784.600,22554.200;10847.100,22524.201;10909.400,22494.100;10971.700,22463.800;11033.900,22433.300;11096.000,22402.700;11158.000,22371.800;11220.000,22340.800;11281.800,22309.700;11343.599,22278.300;11405.300,22246.800;11466.900,22215.100;11528.400,22183.300;11589.800,22151.300;11651.100,22119.100;11712.300,22086.700;11773.500,22054.200;11834.500,22021.500;11895.500,21988.600;11956.300,21955.600;12017.100,21922.300;12077.800,21889.000;12138.399,21855.400;12198.900,21821.700;12259.300,21787.800;12319.600,21753.800;12379.800,21719.600;12439.999,21685.200;12500.000,21650.700;12619.800,21581.100;12679.500,21546.000;12739.100,21510.801;12798.701,21475.400;12858.100,21439.900;12917.500,21404.200;12976.700,21368.300;13035.900,21332.300;13094.900,21296.100;13153.900,21259.700;13212.700,21223.200;13271.500,21186.500;13330.100,21149.700;13388.700,21112.700;13447.101,21075.500;13505.400,21038.200;13563.700,21000.700;13621.800,20963.000;13679.800,20925.200;13737.700,20887.200;13795.501,20849.100;13853.200,20810.800;13910.800,20772.300;13968.300,20733.700;14025.700,20694.901;14083.000,20656.000;14140.200,20616.900;14197.200,20577.600;14254.200,20538.200;14311.000,20498.700;14367.800,20458.900;14424.400,20419.100;14480.900,20379.001;14537.300,20338.800;14593.601,20298.500;14649.800,20258.000;14705.800,20217.300;14761.800,20176.500;14817.600,20135.500;14873.400,20094.401;14929.000,20053.100;14984.500,20011.700;15039.800,19970.101;15095.101,19928.300;15097.181,19926.720;14746.712,19576.251;16563.976,17758.987
短控制列表:
50,0,50,0,0,0,0,0,0,0,0,0,0,0,0,0,0,0,0,0,0,0,0,0,0,0,0,0,0,0,0,0,0,0,0,0,0,0,0,0,0,0,0,0,0,0,0,0,0,0,0,0,0,0,0,0,0,0,0,0,0,0,0,0,0,0,0,0,0,0,0,0,0,0,0,0,0,0,0,0,0,0,0,0,0,0,0,0,0,0,0,0,0,0,0,0,0,0,0,0,0,0,0,0,0,0,0,0,0,0,0,0,0,0,0,0,0,0,0,0,0,0,0,0,0,0,0,0,0,0,0,0,0,0,0,0,0,0,0,0,0,0,0,0,0,0,0,0,0,0,0,0,0,0,0,0,0,0,0,0,0,0,0,0,0,0,0,0,0,0,0,0,0,0,0,0,0,0,0,0,0,0,0,0,0,0,0,0,0,0,0,0,0,0,0,0,0,0,50,0,50,50,0,0,0,0,0,0,0,0,0,0,0,0,0,0,0,0,0,0,0,0,0,0,0,0,0,0,0,0,0,0,0,0,0,0,0,0,0,0,0,0,0,0,0,0,0,0,0,0,0,0,0,0,0,0,0,0,0,0,0,0,0,0,0,0,0,0,0,0,0,0,0,0,0,0,0,0,0,0,0,0,0,0,0,0,0,0,0,0,0,0,0,0,0,0,0,0,0,0,0,0,0,0,0,0,0,0,0,0,0,0,0,0,0,0,0,0,0,0,0,0,0,0,0,0,0,0,0,0,0,0,0,0,0,0,0,0,0,0,0,0,0,0,0,0,0,0,0,0,0,0,0,0,0,0,0,0,0,0,0,0,0,0,0,0,0,0,0,0,0,0,0,0,0,0,0,0,0,0,0,0,0,0,0,0,0,0,0,0,0,0,0,0,0,0,0,0,0,0,0,0,0,0,0,0,0,0,0,0,0,0,0,0,0,0,0,0,0,0,0,0,0,0,0,0,0,0,0,0,0,0,0,0,0,0,0,0,0,0,0,0,0,0,0,0,0,0,0,0,0,0,50
短控制列表2:
45,0,45,0,0,0,0,0,0,0,0,0,0,0,0,0,0,0,0,0,0,0,0,0,0,0,0,0,0,0,0,0,0,0,0,0,0,0,0,0,0,0,0,0,0,0,0,0,0,0,0,0,0,0,0,0,0,0,0,0,0,0,0,0,0,0,0,0,0,0,0,0,0,0,0,0,0,0,0,0,0,0,0,0,0,0,0,0,0,0,0,0,0,0,0,0,0,0,0,0,0,0,0,0,0,0,0,0,0,0,0,0,0,0,0,0,0,0,0,0,0,0,0,0,0,0,0,0,0,0,0,0,0,0,0,0,0,0,0,0,0,0,0,0,0,0,0,0,0,0,0,0,0,0,0,0,0,0,0,0,0,0,0,0,0,0,0,0,0,0,0,0,0,0,0,0,0,0,0,0,0,0,0,0,0,0,0,0,0,0,0,0,0,0,0,0,0,0,45,0,45,45,0,0,0,0,0,0,0,0,0,0,0,0,0,0,0,0,0,0,0,0,0,0,0,0,0,0,0,0,0,0,0,0,0,0,0,0,0,0,0,0,0,0,0,0,0,0,0,0,0,0,0,0,0,0,0,0,0,0,0,0,0,0,0,0,0,0,0,0,0,0,0,0,0,0,0,0,0,0,0,0,0,0,0,0,0,0,0,0,0,0,0,0,0,0,0,0,0,0,0,0,0,0,0,0,0,0,0,0,0,0,0,0,0,0,0,0,0,0,0,0,0,0,0,0,0,0,0,0,0,0,0,0,0,0,0,0,0,0,0,0,0,0,0,0,0,0,0,0,0,0,0,0,0,0,0,0,0,0,0,0,0,0,0,0,0,0,0,0,0,0,0,0,0,0,0,0,0,0,0,0,0,0,0,0,0,0,0,0,0,0,0,0,0,0,0,0,0,0,0,0,0,0,0,0,0,0,0,0,0,0,0,0,0,0,0,0,0,0,0,0,0,0,0,0,0,0,0,0,0,0,0,0,0,0,0,0,0,0,0,0,0,0,0,0,0,0,0,0,0,0,45
短控制列表3:
10,0,10,0,0,0,0,0,0,0,0,0,0,0,0,0,0,0,0,0,0,0,0,0,0,0,0,0,0,0,0,0,0,0,0,0,0,0,0,0,0,0,0,0,0,0,0,0,0,0,0,0,0,0,0,0,0,0,0,0,0,0,0,0,0,0,0,0,0,0,0,0,0,0,0,0,0,0,0,0,0,0,0,0,0,0,0,0,0,0,0,0,0,0,0,0,0,0,0,0,0,0,0,0,0,0,0,0,0,0,0,0,0,0,0,0,0,0,0,0,0,0,0,0,0,0,0,0,0,0,0,0,0,0,0,0,0,0,0,0,0,0,0,0,0,0,0,0,0,0,0,0,0,0,0,0,0,0,0,0,0,0,0,0,0,0,0,0,0,0,0,0,0,0,0,0,0,0,0,0,0,0,0,0,0,0,0,0,0,0,0,0,0,0,0,0,0,0,10,0,10,10,0,0,0,0,0,0,0,0,0,0,0,0,0,0,0,0,0,0,0,0,0,0,0,0,0,0,0,0,0,0,0,0,0,0,0,0,0,0,0,0,0,0,0,0,0,0,0,0,0,0,0,0,0,0,0,0,0,0,0,0,0,0,0,0,0,0,0,0,0,0,0,0,0,0,0,0,0,0,0,0,0,0,0,0,0,0,0,0,0,0,0,0,0,0,0,0,0,0,0,0,0,0,0,0,0,0,0,0,0,0,0,0,0,0,0,0,0,0,0,0,0,0,0,0,0,0,0,0,0,0,0,0,0,0,0,0,0,0,0,0,0,0,0,0,0,0,0,0,0,0,0,0,0,0,0,0,0,0,0,0,0,0,0,0,0,0,0,0,0,0,0,0,0,0,0,0,0,0,0,0,0,0,0,0,0,0,0,0,0,0,0,0,0,0,0,0,0,0,0,0,0,0,0,0,0,0,0,0,0,0,0,0,0,0,0,0,0,0,0,0,0,0,0,0,0,0,0,0,0,0,0,0,0,0,0,0,0,0,0,0,0,0,0,0,0,0,0,0,0,0,10
短控制列表4:
65,0,65,0,0,0,0,0,0,0,0,0,0,0,0,0,0,0,0,0,0,0,0,0,0,0,0,0,0,0,0,0,0,0,0,0,0,0,0,0,0,0,0,0,0,0,0,0,0,0,0,0,0,0,0,0,0,0,0,0,0,0,0,0,0,0,0,0,0,0,0,0,0,0,0,0,0,0,0,0,0,0,0,0,0,0,0,0,0,0,0,0,0,0,0,0,0,0,0,0,0,0,0,0,0,0,0,0,0,0,0,0,0,0,0,0,0,0,0,0,0,0,0,0,0,0,0,0,0,0,0,0,0,0,0,0,0,0,0,0,0,0,0,0,0,0,0,0,0,0,0,0,0,0,0,0,0,0,0,0,0,0,0,0,0,0,0,0,0,0,0,0,0,0,0,0,0,0,0,0,0,0,0,0,0,0,0,0,0,0,0,0,0,0,0,0,0,0,65,0,65,65,0,0,0,0,0,0,0,0,0,0,0,0,0,0,0,0,0,0,0,0,0,0,0,0,0,0,0,0,0,0,0,0,0,0,0,0,0,0,0,0,0,0,0,0,0,0,0,0,0,0,0,0,0,0,0,0,0,0,0,0,0,0,0,0,0,0,0,0,0,0,0,0,0,0,0,0,0,0,0,0,0,0,0,0,0,0,0,0,0,0,0,0,0,0,0,0,0,0,0,0,0,0,0,0,0,0,0,0,0,0,0,0,0,0,0,0,0,0,0,0,0,0,0,0,0,0,0,0,0,0,0,0,0,0,0,0,0,0,0,0,0,0,0,0,0,0,0,0,0,0,0,0,0,0,0,0,0,0,0,0,0,0,0,0,0,0,0,0,0,0,0,0,0,0,0,0,0,0,0,0,0,0,0,0,0,0,0,0,0,0,0,0,0,0,0,0,0,0,0,0,0,0,0,0,0,0,0,0,0,0,0,0,0,0,0,0,0,0,0,0,0,0,0,0,0,0,0,0,0,0,0,0,0,0,0,0,0,0,0,0,0,0,0,0,0,0,0,0,0,0,65
加长控制列表:
0,0,0,0,0,0,0,0,0,0,0,0,0,0,0,0,0,0,0,0,0,0,0,0,0,0,0,0,0,0,0,0,0,0,0,0,0,0,0,0,0,0,0,0,0,0,0,0,0,0,0,0,0,0,0,0,0,0,0,0,0,0,0,0,0,0,0,0,0,0,0,0,0,0,0,0,0,0,0,0,0,0,0,0,0,0,0,0,0,0,0,0,0,0,0,0,0,0,0,0,0,0,0,0,0,0,0,0,0,0,0,0,0,0,0,0,0,0,0,0,0,0,0,0,0,0,0,0,0,0,0,0,0,0,0,0,0,0,0,0,0,0,0,0,0,0,0,0,0,0,0,0,0,0,0,0,0,0,0,0,0,0,0,0,0,0,0,0,0,0,0,0,0,0,0,0,0,0,0,0,0,0,0,0,0,0,0,0,0,0,0,0,0,0,0,0,0,0,0,0,0,0,0,0,0,0,0,0,0,0,0,0,0,0,0,0,0,0,0,0,0,0,0,0,0,0,0,0,0,0,0,0,0,0,0,0,0,0,0,0,0,0,0,0,0,0,0,0,0,0,0,0,0,0,0,0,0,0,0,0,0,0,0,0,0,0,0,0,0,0,0,0,0,0,0,0,0,0,0,0,0,0,0,0,0,0,0,0,0,0,0,0,0,0,0,0,0,0,0,0,0,0,0,0,0,0,0,0,0,0,0,0,0,0,0,0,0,0,0,0,0,0,0,0,0,0,0,0,0,0,0,0,0,0,0,0,0,0,0,0,0,0,0,0,0,0,0,0,0,0,0,0,0,0,0,0,0,0,0,0,0,0,0,0,0,0,0,0,0,0,0,0,0,0,0,0,0,0,0,0,0,0,0,0,0,0,0,0,0,0,0,0,0,0,0,0,0,0,0,0,0,0,0,0,0,0,0,0,0,0,0,0,0,0,0,0,0,0,0,0,0,0,0,0,0,0,0,0,0,0,0,0,0,0,0,0,0,0,0,0,0,0,0,0,0,0,0,0,0,0,0,0,0,65,0,65,0,0,0,0,0,0,0,0,0,0,0,0,0,0,0,0,0,0,0,0,0,0,0,0,0,0,0,0,0,0,0,0,0,0,0,0,0,0,0,0,0,0,0,0,0,0,0,0,0,0,0,0,0,0,0,0,0,0,0,0,0,0,0,0,0,0,0,0,0,0,0,0,0,0,0,0,0,0,0,0,0,0,0,0,0,0,0,0,0,0,0,0,0,0,0,0,0,0,0,0,0,0,0,0,0,0,0,0,0,0,0,0,0,0,0,0,0,0,0,0,0,0,0,0,0,0,0,0,0,0,0,0,0,0,0,0,0,0,0,0,0,0,0,0,0,0,0,0,0,0,0,0,0,0,0,0,0,0,0,0,0,0,0,0,0,0,0,0,0,0,0,0,0,0,0,0,0,0,0,0,0,0,0,0,0,0,0,0,0,0,0,0,0,0,0,65,0,65,65,0,0,0,0,0,0,0,0,0,0,0,0,0,0,0,0,0,0,0,0,0,0,0,0,0,0,0,0,0,0,0,0,0,0,0,0,0,0,0,0,0,0,0,0,0,0,0,0,0,0,0,0,0,0,0,0,0,0,0,0,0,0,0,0,0,0,0,0,0,0,0,0,0,0,0,0,0,0,0,0,0,0,0,0,0,0,0,0,0,0,0,0,0,0,0,0,0,0,0,0,0,0,0,0,0,0,0,0,0,0,0,0,0,0,0,0,0,0,0,0,0,0,0,0,0,0,0,0,0,0,0,0,0,0,0,0,0,0,0,0,0,0,0,0,0,0,0,0,0,0,0,0,0,0,0,0,0,0,0,0,0,0,0,0,0,0,0,0,0,0,0,0,0,0,0,0,0,0,0,0,0,0,0,0,0,0,0,0,0,0,0,0,0,0,0,0,0,0,0,0,0,0,0,0,0,0,0,0,0,0,0,0,0,0,0,0,0,0,0,0,0,0,0,0,0,0,0,0,0,0,0,0,0,0,0,0,0,0,0,0,0,0,0,0,0,0,0,0,0,0,65
