顶点列表:
-100.000,251.777;-2061.727,2213.504;-2051.400,2223.100;-2038.600,2234.800;-2025.900,2246.400;-2012.900,2258.000;-1999.900,2269.500;-1986.900,2280.900;-1973.700,2292.400;-1960.600,2303.600;-1947.300,2314.800;-1934.100,2325.900;-1920.800,2336.900;-1907.200,2348.000;-1893.700,2358.900;-1880.300,2369.600;-1866.600,2380.400;-1852.900,2391.100;-1839.200,2401.600;-1825.400,2412.100;-1811.500,2422.600;-1797.600,2432.900;-1783.600,2443.200;-1769.700,2453.300;-1755.500,2463.500;-1741.300,2473.500;-1727.200,2483.400;-1712.900,2493.300;-1698.500,2503.100;-1684.300,2512.700;-1669.700,2522.400;-1655.300,2531.900;-1640.700,2541.400;-1626.200,2550.700;-1611.500,2560.000;-1596.800,2569.200;-1582.000,2578.300;-1567.300,2587.300;-1552.300,2596.300;-1537.500,2605.100;-1522.500,2613.900;-1507.500,2622.600;-1492.400,2631.200;-1477.300,2639.700;-1462.200,2648.100;-1446.900,2656.500;-1431.700,2664.700;-1416.400,2672.900;-1401.000,2681.000;-1385.600,2689.000;-1370.300,2696.800;-1354.700,2704.700;-1339.200,2712.400;-1323.700,2720.000;-1308.100,2727.500;-1292.400,2735.000;-1276.600,2742.400;-1261.000,2749.600;-1245.200,2756.800;-1229.400,2763.900;-1213.500,2770.900;-1197.600,2777.800;-1181.700,2784.600;-1165.600,2791.400;-1149.700,2798.000;-1133.500,2804.600;-1117.500,2811.000;-1101.300,2817.400;-1085.200,2823.600;-1069.000,2829.800;-1052.700,2835.900;-1036.400,2841.900;-1020.100,2847.800;-1003.700,2853.600;-987.400,2859.300;-971.000,2864.900;-954.600,2870.400;-938.100,2875.800;-921.500,2881.200;-905.100,2886.400;-888.400,2891.600;-871.900,2896.600;-838.700,2906.400;-821.900,2911.200;-805.300,2915.800;-788.500,2920.400;-771.700,2924.900;-755.000,2929.200;-738.200,2933.500;-721.400,2937.700;-704.500,2941.800;-687.600,2945.800;-670.700,2949.700;-653.800,2953.500;-636.800,2957.200;-619.900,2960.800;-602.900,2964.300;-585.900,2967.700;-568.900,2971.000;-551.900,2974.200;-534.800,2977.300;-517.700,2980.300;-500.500,2983.300;-483.500,2986.100;-466.400,2988.800;-449.300,2991.400;-414.900,2996.400;-397.800,2998.700;-380.600,3000.900;-363.300,3003.100;-346.100,3005.100;-328.900,3007.000;-311.600,3008.900;-294.400,3010.600;-259.900,3013.800;-242.600,3015.200;-225.200,3016.600;-208.000,3017.800;-173.400,3020.000;-156.100,3020.900;-138.700,3021.800;-104.100,3023.200;-100.000,3023.318
短控制列表:
50,0,0,0,0,0,0,0,0,0,0,0,0,0,0,0,0,0,0,0,0,0,0,0,0,0,0,0,0,0,0,0,0,0,0,0,0,0,0,0,0,0,0,0,0,0,0,0,0,0,0,0,0,0,0,0,0,0,0,0,0,0,0,0,0,0,0,0,0,0,0,0,0,0,0,0,0,0,0,0,0,0,0,0,0,0,0,0,0,0,0,0,0,0,0,0,0,0,0,0,0,0,0,0,0,0,0,0,0,0,0,0,0,0,0,0,0,0,0,0,0,50,30
短控制列表2:
45,0,0,0,0,0,0,0,0,0,0,0,0,0,0,0,0,0,0,0,0,0,0,0,0,0,0,0,0,0,0,0,0,0,0,0,0,0,0,0,0,0,0,0,0,0,0,0,0,0,0,0,0,0,0,0,0,0,0,0,0,0,0,0,0,0,0,0,0,0,0,0,0,0,0,0,0,0,0,0,0,0,0,0,0,0,0,0,0,0,0,0,0,0,0,0,0,0,0,0,0,0,0,0,0,0,0,0,0,0,0,0,0,0,0,0,0,0,0,0,0,45,45
短控制列表3:
10,0,0,0,0,0,0,0,0,0,0,0,0,0,0,0,0,0,0,0,0,0,0,0,0,0,0,0,0,0,0,0,0,0,0,0,0,0,0,0,0,0,0,0,0,0,0,0,0,0,0,0,0,0,0,0,0,0,0,0,0,0,0,0,0,0,0,0,0,0,0,0,0,0,0,0,0,0,0,0,0,0,0,0,0,0,0,0,0,0,0,0,0,0,0,0,0,0,0,0,0,0,0,0,0,0,0,0,0,0,0,0,0,0,0,0,0,0,0,0,0,10,10
短控制列表4:
65,0,0,0,0,0,0,0,0,0,0,0,0,0,0,0,0,0,0,0,0,0,0,0,0,0,0,0,0,0,0,0,0,0,0,0,0,0,0,0,0,0,0,0,0,0,0,0,0,0,0,0,0,0,0,0,0,0,0,0,0,0,0,0,0,0,0,0,0,0,0,0,0,0,0,0,0,0,0,0,0,0,0,0,0,0,0,0,0,0,0,0,0,0,0,0,0,0,0,0,0,0,0,0,0,0,0,0,0,0,0,0,0,0,0,0,0,0,0,0,0,65,65
加长控制列表:
0,0,0,0,0,0,0,0,0,0,0,0,0,0,0,0,0,0,0,0,0,0,0,0,0,0,0,0,0,0,0,0,0,0,0,0,0,0,0,0,0,0,0,0,0,0,0,0,0,0,0,0,0,0,0,0,0,0,0,0,0,0,0,0,0,0,0,0,0,0,0,0,0,0,0,0,0,0,0,0,0,0,0,0,0,0,0,0,0,0,0,0,0,0,0,0,0,0,0,0,0,0,0,0,0,0,0,0,0,0,0,0,0,0,0,0,0,0,0,0,0,0,0,65,0,0,0,0,0,0,0,0,0,0,0,0,0,0,0,0,0,0,0,0,0,0,0,0,0,0,0,0,0,0,0,0,0,0,0,0,0,0,0,0,0,0,0,0,0,0,0,0,0,0,0,0,0,0,0,0,0,0,0,0,0,0,0,0,0,0,0,0,0,0,0,0,0,0,0,0,0,0,0,0,0,0,0,0,0,0,0,0,0,0,0,0,0,0,0,0,0,0,0,0,0,0,0,0,0,0,0,0,0,0,0,0,0,0,0,0,0,0,0,0,65,65
