顶点列表:
-2201.778,2332.844;-4270.339,4401.405;-4262.613,4408.952;-4237.935,4432.782;-4213.186,4456.540;-4188.225,4480.087;-4163.193,4503.563;-4137.950,4526.827;-4112.635,4550.020;-4087.179,4573.072;-4061.653,4595.911;-4035.914,4618.680;-4010.105,4641.237;-3984.154,4663.652;-3957.991,4685.997;-3931.757,4708.129;-3905.524,4730.120;-3879.007,4751.970;-3852.491,4773.678;-3825.691,4795.245;-3798.892,4816.670;-3771.951,4837.954;-3744.940,4859.026;-3717.787,4879.956;-3690.422,4900.816;-3663.128,4921.463;-3635.550,4941.969;-3607.903,4962.263;-3580.184,4982.487;-3552.324,5002.568;-3524.393,5022.438;-3496.321,5042.166;-3468.107,5061.753;-3439.823,5081.128;-3411.327,5100.432;-3382.830,5119.453;-3354.263,5138.404;-3325.555,5157.213;-3296.634,5175.810;-3267.713,5194.265;-3238.651,5212.579;-3209.519,5230.681;-3180.315,5248.712;-3150.970,5266.461;-3121.554,5284.138;-3092.068,5301.604;-3062.370,5318.857;-3032.600,5336.040;-3002.831,5353.081;-2972.921,5369.840;-2942.869,5386.457;-2912.817,5402.932;-2882.623,5419.266;-2852.359,5435.388;-2821.953,5451.369;-2791.477,5467.138;-2760.930,5482.835;-2730.312,5498.321;-2699.553,5513.524;-2668.723,5528.656;-2637.893,5543.646;-2606.922,5558.354;-2575.880,5572.991;-2544.767,5587.416;-2513.513,5601.700;-2482.189,5615.771;-2450.793,5629.631;-2419.397,5643.349;-2387.860,5656.925;-2356.253,5670.289;-2324.504,5683.512;-2292.825,5696.523;-2261.006,5709.392;-2229.115,5722.049;-2197.154,5734.495;-2165.122,5746.869;-2132.948,5758.960;-2100.775,5770.911;-2068.602,5782.719;-2036.287,5794.245;-2003.901,5805.700;-1971.445,5816.943;-1939.060,5827.974;-1906.391,5838.864;-1873.794,5849.541;-1841.196,5860.077;-1808.457,5870.330;-1775.647,5880.512;-1742.767,5890.482;-1709.957,5900.240;-1676.935,5909.786;-1643.984,5919.262;-1610.892,5928.454;-1577.799,5937.505;-1544.636,5946.344;-1511.402,5954.970;-1478.168,5963.456;-1444.863,5971.729;-1411.558,5979.861;-1378.183,5987.780;-1344.666,5995.558;-1311.220,6003.124;-1277.703,6010.478;-1244.115,6017.620;-1210.528,6024.620;-1176.869,6031.409;-1143.211,6038.056;-1109.553,6044.419;-1075.824,6050.713;-1042.024,6056.794;-1008.224,6062.592;-974.354,6068.320;-940.484,6073.764;-906.613,6079.068;-872.672,6084.159;-838.660,6089.038;-804.648,6093.776;-770.637,6098.372;-736.625,6102.685;-702.542,6106.786;-668.460,6110.746;-634.377,6114.564;-600.224,6118.171;-566.071,6121.494;-531.847,6124.747;-497.693,6127.787;-463.540,6130.545;-429.316,6133.232;-395.092,6135.636;-360.868,6137.899;-326.573,6139.950;-292.279,6141.859;-257.984,6143.485;-223.689,6144.970;-189.465,6146.243;-155.100,6147.374;-120.805,6148.293;-100.000,6148.723;-100.000,3222.585;-102.350,3222.498;-127.240,3221.366;-152.060,3220.164;-176.879,3218.679;-201.698,3217.053;-226.447,3215.215;-251.267,3213.164;-276.015,3210.901;-300.764,3208.497;-325.513,3205.951;-350.262,3203.123;-374.869,3200.153;-399.547,3196.971;-424.154,3193.577;-448.762,3190.042;-473.369,3186.223;-497.905,3182.334;-522.442,3178.162;-546.908,3173.919;-571.374,3169.394;-595.769,3164.656;-620.164,3159.777;-644.559,3154.757;-668.813,3149.454;-693.067,3144.009;-717.321,3138.423;-741.504,3132.624;-765.616,3126.614;-789.658,3120.392;-813.699,3114.028;-837.670,3107.451;-861.641,3100.734;-885.541,3093.804;-909.300,3086.733;-933.059,3079.379;-956.747,3071.955;-980.435,3064.247;-1004.052,3056.469;-1027.528,3048.408;-1051.004,3040.206;-1074.410,3031.791;-1097.815,3023.235;-1121.079,3014.538;-1144.272,3005.628;-1167.394,2996.506;-1190.446,2987.173;-1213.498,2977.697;-1236.408,2968.081;-1259.247,2958.252;-1281.945,2948.282;-1304.714,2938.099;-1327.342,2927.776;-1349.828,2917.310;-1372.314,2906.562;-1394.588,2895.744;-1416.932,2884.713;-1439.135,2873.541;-1461.268,2862.156;-1483.259,2850.630;-1505.179,2838.892;-1527.029,2826.942;-1548.808,2814.921;-1570.445,2802.759;-1592.012,2790.385;-1613.508,2777.798;-1634.862,2765.070;-1656.076,2752.201;-1677.289,2739.190;-1698.290,2725.967;-1719.291,2712.603;-1740.151,2699.097;-1760.940,2685.379;-1781.587,2671.520;-1802.093,2657.519;-1822.529,2643.307;-1842.893,2629.023;-1863.046,2614.527;-1883.198,2599.890;-1903.139,2585.182;-1923.079,2570.192;-1942.807,2555.130;-1962.465,2539.857;-1981.981,2524.442;-2001.356,2508.886;-2020.589,2493.188;-2039.823,2477.349;-2058.773,2461.368;-2077.723,2445.246;-2096.532,2428.983;-2115.200,2412.578;-2133.656,2395.961;-2152.111,2379.202;-2170.425,2362.444;-2188.598,2345.402
短控制列表:
0,0,0,0,0,0,0,0,0,0,0,0,0,0,0,0,0,0,0,0,0,0,0,0,0,0,0,0,0,0,0,0,0,0,0,0,0,0,0,0,0,0,0,0,0,0,0,0,0,0,0,0,0,0,0,0,0,0,0,0,0,0,0,0,0,0,0,0,0,0,0,0,0,0,0,0,0,0,0,0,0,0,0,0,0,0,0,0,0,0,0,0,0,0,50,50,0,0,0,0,0,0,0,0,0,0,0,0,0,0,0,0,0,0,0,0,0,0,0,0,0,0,0,0,0,0,0,0,0,0,0,0,0,0,0,0,0,0,0,0,0,0,0,0,0,0,0,0,0,0,0,0,0,0,0,0,0,0,0,0,0,0,0,0,0,0,0,0,0,0,0,0,0,0,0,0,0,0,0,0,0,0,0,0,0,0,0,0,0,0,0,0,0,0,0,0,0,0,0,0,0,0,0,0,0,0,0,0,0,0,0,0,0,0,0,0,0,0,0,0,0,0,0,0,0,0,0,0,0,0,0,50,50
短控制列表2:
0,0,0,0,0,0,0,0,0,0,0,0,0,0,0,0,0,0,0,0,0,0,0,0,0,0,0,0,0,0,0,0,0,0,0,0,0,0,0,0,0,0,0,0,0,0,0,0,0,0,0,0,0,0,0,0,0,0,0,0,0,0,0,0,0,0,0,0,0,0,0,0,0,0,0,0,0,0,0,0,0,0,0,0,0,0,0,0,0,0,0,0,0,0,45,45,0,0,0,0,0,0,0,0,0,0,0,0,0,0,0,0,0,0,0,0,0,0,0,0,0,0,0,0,0,0,0,0,0,0,0,0,0,0,0,0,0,0,0,0,0,0,0,0,0,0,0,0,0,0,0,0,0,0,0,0,0,0,0,0,0,0,0,0,0,0,0,0,0,0,0,0,0,0,0,0,0,0,0,0,0,0,0,0,0,0,0,0,0,0,0,0,0,0,0,0,0,0,0,0,0,0,0,0,0,0,0,0,0,0,0,0,0,0,0,0,0,0,0,0,0,0,0,0,0,0,0,0,0,0,0,45,45
短控制列表3:
0,0,0,0,0,0,0,0,0,0,0,0,0,0,0,0,0,0,0,0,0,0,0,0,0,0,0,0,0,0,0,0,0,0,0,0,0,0,0,0,0,0,0,0,0,0,0,0,0,0,0,0,0,0,0,0,0,0,0,0,0,0,0,0,0,0,0,0,0,0,0,0,0,0,0,0,0,0,0,0,0,0,0,0,0,0,0,0,0,0,0,0,0,0,10,10,0,0,0,0,0,0,0,0,0,0,0,0,0,0,0,0,0,0,0,0,0,0,0,0,0,0,0,0,0,0,0,0,0,0,0,0,0,0,0,0,0,0,0,0,0,0,0,0,0,0,0,0,0,0,0,0,0,0,0,0,0,0,0,0,0,0,0,0,0,0,0,0,0,0,0,0,0,0,0,0,0,0,0,0,0,0,0,0,0,0,0,0,0,0,0,0,0,0,0,0,0,0,0,0,0,0,0,0,0,0,0,0,0,0,0,0,0,0,0,0,0,0,0,0,0,0,0,0,0,0,0,0,0,0,0,10,10
短控制列表4:
0,0,0,0,0,0,0,0,0,0,0,0,0,0,0,0,0,0,0,0,0,0,0,0,0,0,0,0,0,0,0,0,0,0,0,0,0,0,0,0,0,0,0,0,0,0,0,0,0,0,0,0,0,0,0,0,0,0,0,0,0,0,0,0,0,0,0,0,0,0,0,0,0,0,0,0,0,0,0,0,0,0,0,0,0,0,0,0,0,0,0,0,0,0,65,65,0,0,0,0,0,0,0,0,0,0,0,0,0,0,0,0,0,0,0,0,0,0,0,0,0,0,0,0,0,0,0,0,0,0,0,0,0,0,0,0,0,0,0,0,0,0,0,0,0,0,0,0,0,0,0,0,0,0,0,0,0,0,0,0,0,0,0,0,0,0,0,0,0,0,0,0,0,0,0,0,0,0,0,0,0,0,0,0,0,0,0,0,0,0,0,0,0,0,0,0,0,0,0,0,0,0,0,0,0,0,0,0,0,0,0,0,0,0,0,0,0,0,0,0,0,0,0,0,0,0,0,0,0,0,0,65,65
加长控制列表:
0,0,0,0,0,0,0,0,0,0,0,0,0,0,0,0,0,0,0,0,0,0,0,0,0,0,0,0,0,0,0,0,0,0,0,0,0,0,0,0,0,0,0,0,0,0,0,0,0,0,0,0,0,0,0,0,0,0,0,0,0,0,0,0,0,0,0,0,0,0,0,0,0,0,0,0,0,0,0,0,0,0,0,0,0,0,0,0,0,0,0,0,0,0,0,0,0,0,0,0,0,0,0,0,0,0,0,0,0,0,0,0,0,0,0,0,0,0,0,0,0,0,0,0,0,0,0,0,0,0,0,0,0,0,0,0,0,0,0,0,0,0,0,0,0,0,0,0,0,0,0,0,0,0,0,0,0,0,0,0,0,0,0,0,0,0,0,0,0,0,0,0,0,0,0,0,0,0,0,0,0,0,0,0,0,0,0,0,0,0,0,0,0,0,0,0,0,0,0,0,0,0,0,0,0,0,0,0,0,0,0,0,0,0,0,0,0,0,0,0,0,0,0,0,0,0,0,0,0,0,0,0,0,0,0,0,0,0,0,0,0,0,0,0,0,0,0,0,0,0,0,0,0,0,0,0,0,0,0,0,0,0,0,0,0,0,0,0,0,0,0,0,0,0,0,0,0,0,0,0,0,0,0,0,0,0,0,0,0,0,0,0,0,0,0,0,0,0,0,0,0,0,0,0,0,0,0,0,0,0,0,0,0,0,0,0,0,0,0,0,0,0,0,0,0,0,0,65,65,0,0,0,0,0,0,0,0,0,0,0,0,0,0,0,0,0,0,0,0,0,0,0,0,0,0,0,0,0,0,0,0,0,0,0,0,0,0,0,0,0,0,0,0,0,0,0,0,0,0,0,0,0,0,0,0,0,0,0,0,0,0,0,0,0,0,0,0,0,0,0,0,0,0,0,0,0,0,0,0,0,0,0,0,0,0,0,0,0,0,0,0,0,0,0,0,0,0,0,0,0,0,0,0,0,0,0,0,0,0,0,0,0,0,0,0,0,0,0,0,0,0,0,0,0,0,0,0,0,0,0,0,0,0,0,65,65
