顶点列表:
-4411.770,4542.837;-6483.698,6614.764;-6461.927,6636.126;-6431.663,6665.542;-6401.328,6694.887;-6370.852,6723.949;-6340.234,6753.011;-6309.404,6781.861;-6278.574,6810.570;-6247.532,6839.207;-6216.349,6867.562;-6185.024,6895.917;-6153.628,6924.060;-6122.091,6952.062;-6090.484,6979.992;-6058.664,7007.711;-6026.703,7035.288;-5994.671,7062.795;-5962.497,7090.018;-5930.183,7117.242;-5897.726,7144.183;-5865.199,7171.053;-5832.602,7197.711;-5799.792,7224.298;-5766.912,7250.673;-5733.819,7276.977;-5700.656,7303.070;-5667.492,7329.020;-5634.046,7354.830;-5600.600,7380.498;-5566.942,7405.954;-5533.213,7431.339;-5499.413,7456.512;-5465.472,7481.543;-5431.389,7506.433;-5397.166,7531.182;-5362.871,7555.719;-5328.505,7580.185;-5293.928,7604.438;-5259.350,7628.551;-5224.561,7652.451;-5189.700,7676.281;-5154.769,7699.898;-5119.697,7723.374;-5084.554,7746.638;-5049.340,7769.831;-5013.914,7792.812;-4978.488,7815.651;-4942.849,7838.279;-4907.141,7860.835;-4871.361,7883.180;-4835.511,7905.312;-4799.448,7927.374;-4763.386,7949.153;-4727.182,7970.932;-4690.978,7992.428;-4654.491,8013.783;-4618.005,8034.996;-4581.447,8055.997;-4544.748,8076.856;-4508.049,8097.575;-4471.138,8118.081;-4434.227,8138.445;-4397.175,8158.669;-4360.052,8178.680;-4322.787,8198.550;-4285.452,8218.207;-4248.046,8237.653;-4210.570,8257.027;-4173.022,8276.190;-4135.333,8295.211;-4097.574,8314.020;-4059.673,8332.688;-4021.772,8351.214;-3983.800,8369.528;-3907.574,8405.590;-3869.249,8423.410;-3830.924,8440.946;-3792.528,8458.411;-3753.991,8475.735;-3715.453,8492.777;-3676.775,8509.677;-3638.096,8526.435;-3599.276,8543.052;-3560.385,8559.457;-3521.423,8575.650;-3482.391,8591.630;-3443.288,8607.540;-3404.114,8623.238;-3364.870,8638.724;-3325.555,8653.997;-3286.169,8669.200;-3246.783,8684.120;-3207.256,8698.898;-3167.658,8713.465;-3127.989,8727.960;-3088.320,8742.173;-3048.510,8756.245;-3008.700,8770.175;-2968.749,8783.822;-2928.797,8797.328;-2888.775,8810.763;-2848.682,8823.844;-2808.518,8836.855;-2768.355,8849.583;-2728.120,8862.240;-2687.744,8874.614;-2647.369,8886.847;-2606.993,8898.939;-2566.476,8910.889;-2525.958,8922.556;-2485.370,8934.011;-2444.712,8945.396;-2404.053,8956.497;-2363.253,8967.457;-2322.453,8978.135;-2281.582,8988.741;-2240.712,8999.207;-2199.841,9009.389;-2158.829,9019.430;-2117.746,9029.259;-2076.733,9038.875;-2035.580,9048.351;-1994.426,9057.684;-1911.978,9075.645;-1870.753,9084.342;-1829.388,9092.898;-1788.022,9101.171;-1746.656,9109.303;-1705.149,9117.293;-1663.712,9125.072;-1622.205,9132.638;-1580.698,9140.062;-1539.120,9147.275;-1497.472,9154.275;-1455.894,9161.063;-1414.174,9167.710;-1372.526,9174.145;-1330.736,9180.438;-1289.017,9186.519;-1247.227,9192.388;-1205.437,9198.116;-1163.646,9203.560;-1121.715,9208.864;-1079.925,9214.026;-1037.994,9218.905;-996.062,9223.642;-954.131,9228.238;-912.129,9232.623;-870.126,9236.724;-828.124,9240.684;-786.122,9244.502;-744.049,9248.108;-702.047,9251.502;-659.974,9254.684;-617.901,9257.725;-575.758,9260.553;-533.685,9263.170;-491.612,9265.644;-449.469,9267.907;-407.254,9269.958;-365.111,9271.796;-322.967,9273.493;-280.824,9274.908;-238.609,9276.251;-220.000,9276.750;-220.000,6345.276;-223.619,6345.152;-258.479,6343.667;-293.339,6342.041;-328.271,6340.202;-363.131,6338.152;-397.921,6335.889;-432.710,6333.485;-467.571,6330.868;-502.360,6328.040;-537.150,6325.070;-571.869,6321.888;-606.658,6318.494;-641.307,6314.959;-676.026,6311.211;-710.745,6307.180;-745.393,6303.079;-780.041,6298.836;-814.619,6294.240;-849.267,6289.573;-883.774,6284.624;-918.351,6279.603;-952.858,6274.229;-987.294,6268.784;-1021.801,6263.128;-1056.166,6257.329;-1090.532,6251.248;-1124.897,6245.026;-1159.192,6238.591;-1193.486,6232.015;-1227.710,6225.227;-1261.934,6218.297;-1330.241,6203.731;-1364.253,6196.165;-1398.335,6188.386;-1432.347,6180.538;-1466.288,6172.477;-1500.229,6164.133;-1534.029,6155.647;-1567.899,6146.950;-1601.628,6138.111;-1635.357,6129.131;-1669.016,6119.938;-1702.674,6110.463;-1736.191,6100.847;-1769.708,6091.089;-1803.154,6081.118;-1836.600,6071.007;-1869.905,6060.754;-1903.209,6050.218;-1936.444,6039.470;-1969.607,6028.651;-2002.699,6017.620;-2035.792,6006.306;-2068.743,5994.851;-2101.624,5983.325;-2134.504,5971.517;-2167.385,5959.567;-2200.053,5947.404;-2232.721,5935.101;-2265.319,5922.585;-2297.775,5909.928;-2330.302,5897.058;-2362.687,5884.048;-2395.002,5870.825;-2427.176,5857.460;-2459.349,5843.813;-2491.452,5830.095;-2523.484,5816.165;-2555.374,5802.094;-2587.194,5787.810;-2619.014,5773.385;-2650.763,5758.748;-2682.370,5743.970;-2713.907,5728.979;-2745.303,5713.847;-2776.698,5698.574;-2807.953,5683.017;-2839.136,5667.390;-2870.249,5651.551;-2901.291,5635.500;-2932.262,5619.378;-2963.021,5603.043;-2993.851,5586.497;-3024.469,5569.880;-3055.086,5552.980;-3085.563,5535.939;-3115.968,5518.827;-3146.232,5501.432;-3176.426,5483.967;-3206.549,5466.289;-3236.459,5448.399;-3266.441,5430.439;-3296.210,5412.266;-3325.908,5393.881;-3355.536,5375.426;-3385.022,5356.687;-3414.438,5337.878;-3443.712,5318.928;-3472.916,5299.765;-3501.978,5280.461;-3530.969,5260.945;-3559.749,5241.358;-3588.598,5221.559;-3617.166,5201.619;-3645.733,5181.537;-3674.158,5161.314;-3702.513,5140.878;-3730.727,5120.302;-3758.799,5099.583;-3786.730,5078.724;-3814.590,5057.652;-3842.379,5036.509;-3869.956,5015.155;-3897.533,4993.659;-3924.898,4971.951;-3952.122,4950.242;-3979.346,4928.251;-4006.357,4906.190;-4033.227,4883.987;-4060.027,4861.571;-4086.685,4839.015;-4113.272,4816.387;-4139.647,4793.548;-4165.951,4770.637;-4192.114,4747.444;-4218.136,4724.251;-4244.086,4700.846;-4269.825,4677.370;-4295.422,4653.611;-4320.949,4629.782;-4346.334,4605.811;-4371.649,4581.769;-4396.751,4557.515
短控制列表:
0,0,0,0,0,0,0,0,0,0,0,0,0,0,0,0,0,0,0,0,0,0,0,0,0,0,0,0,0,0,0,0,0,0,0,0,0,0,0,0,0,0,0,0,0,0,0,0,0,0,0,0,0,0,0,0,0,0,0,0,0,0,0,0,0,0,0,0,0,0,0,0,0,0,0,0,0,0,0,0,0,0,0,0,0,0,0,0,0,0,0,0,0,0,0,0,0,0,0,0,0,0,0,0,0,0,0,0,0,0,0,0,0,0,0,0,0,0,0,0,0,0,0,0,0,0,0,0,0,0,0,0,0,50,50,0,0,0,0,0,0,0,0,0,0,0,0,0,0,0,0,0,0,0,0,0,0,0,0,0,0,0,0,0,0,0,0,0,0,0,0,0,0,0,0,0,0,0,0,0,0,0,0,0,0,0,0,0,0,0,0,0,0,0,0,0,0,0,0,0,0,0,0,0,0,0,0,0,0,0,0,0,0,0,0,0,0,0,0,0,0,0,0,0,0,0,0,0,0,0,0,0,0,0,0,0,0,0,0,0,0,0,0,0,0,0,0,0,0,0,0,0,0,0,0,0,0,0,0,0,0,0,0,0,0,0,0,0,0,0,0,0,0,0,0,0,0,0,0,0,0,0,0,0,0,0,0,0,0,0,0,0,0,0,0,0,0,0,50,50
短控制列表2:
0,0,0,0,0,0,0,0,0,0,0,0,0,0,0,0,0,0,0,0,0,0,0,0,0,0,0,0,0,0,0,0,0,0,0,0,0,0,0,0,0,0,0,0,0,0,0,0,0,0,0,0,0,0,0,0,0,0,0,0,0,0,0,0,0,0,0,0,0,0,0,0,0,0,0,0,0,0,0,0,0,0,0,0,0,0,0,0,0,0,0,0,0,0,0,0,0,0,0,0,0,0,0,0,0,0,0,0,0,0,0,0,0,0,0,0,0,0,0,0,0,0,0,0,0,0,0,0,0,0,0,0,0,45,45,0,0,0,0,0,0,0,0,0,0,0,0,0,0,0,0,0,0,0,0,0,0,0,0,0,0,0,0,0,0,0,0,0,0,0,0,0,0,0,0,0,0,0,0,0,0,0,0,0,0,0,0,0,0,0,0,0,0,0,0,0,0,0,0,0,0,0,0,0,0,0,0,0,0,0,0,0,0,0,0,0,0,0,0,0,0,0,0,0,0,0,0,0,0,0,0,0,0,0,0,0,0,0,0,0,0,0,0,0,0,0,0,0,0,0,0,0,0,0,0,0,0,0,0,0,0,0,0,0,0,0,0,0,0,0,0,0,0,0,0,0,0,0,0,0,0,0,0,0,0,0,0,0,0,0,0,0,0,0,0,0,0,0,45,45
短控制列表3:
0,0,0,0,0,0,0,0,0,0,0,0,0,0,0,0,0,0,0,0,0,0,0,0,0,0,0,0,0,0,0,0,0,0,0,0,0,0,0,0,0,0,0,0,0,0,0,0,0,0,0,0,0,0,0,0,0,0,0,0,0,0,0,0,0,0,0,0,0,0,0,0,0,0,0,0,0,0,0,0,0,0,0,0,0,0,0,0,0,0,0,0,0,0,0,0,0,0,0,0,0,0,0,0,0,0,0,0,0,0,0,0,0,0,0,0,0,0,0,0,0,0,0,0,0,0,0,0,0,0,0,0,0,10,10,0,0,0,0,0,0,0,0,0,0,0,0,0,0,0,0,0,0,0,0,0,0,0,0,0,0,0,0,0,0,0,0,0,0,0,0,0,0,0,0,0,0,0,0,0,0,0,0,0,0,0,0,0,0,0,0,0,0,0,0,0,0,0,0,0,0,0,0,0,0,0,0,0,0,0,0,0,0,0,0,0,0,0,0,0,0,0,0,0,0,0,0,0,0,0,0,0,0,0,0,0,0,0,0,0,0,0,0,0,0,0,0,0,0,0,0,0,0,0,0,0,0,0,0,0,0,0,0,0,0,0,0,0,0,0,0,0,0,0,0,0,0,0,0,0,0,0,0,0,0,0,0,0,0,0,0,0,0,0,0,0,0,0,10,10
短控制列表4:
0,0,0,0,0,0,0,0,0,0,0,0,0,0,0,0,0,0,0,0,0,0,0,0,0,0,0,0,0,0,0,0,0,0,0,0,0,0,0,0,0,0,0,0,0,0,0,0,0,0,0,0,0,0,0,0,0,0,0,0,0,0,0,0,0,0,0,0,0,0,0,0,0,0,0,0,0,0,0,0,0,0,0,0,0,0,0,0,0,0,0,0,0,0,0,0,0,0,0,0,0,0,0,0,0,0,0,0,0,0,0,0,0,0,0,0,0,0,0,0,0,0,0,0,0,0,0,0,0,0,0,0,0,65,65,0,0,0,0,0,0,0,0,0,0,0,0,0,0,0,0,0,0,0,0,0,0,0,0,0,0,0,0,0,0,0,0,0,0,0,0,0,0,0,0,0,0,0,0,0,0,0,0,0,0,0,0,0,0,0,0,0,0,0,0,0,0,0,0,0,0,0,0,0,0,0,0,0,0,0,0,0,0,0,0,0,0,0,0,0,0,0,0,0,0,0,0,0,0,0,0,0,0,0,0,0,0,0,0,0,0,0,0,0,0,0,0,0,0,0,0,0,0,0,0,0,0,0,0,0,0,0,0,0,0,0,0,0,0,0,0,0,0,0,0,0,0,0,0,0,0,0,0,0,0,0,0,0,0,0,0,0,0,0,0,0,0,0,65,65
加长控制列表:
0,0,0,0,0,0,0,0,0,0,0,0,0,0,0,0,0,0,0,0,0,0,0,0,0,0,0,0,0,0,0,0,0,0,0,0,0,0,0,0,0,0,0,0,0,0,0,0,0,0,0,0,0,0,0,0,0,0,0,0,0,0,0,0,0,0,0,0,0,0,0,0,0,0,0,0,0,0,0,0,0,0,0,0,0,0,0,0,0,0,0,0,0,0,0,0,0,0,0,0,0,0,0,0,0,0,0,0,0,0,0,0,0,0,0,0,0,0,0,0,0,0,0,0,0,0,0,0,0,0,0,0,0,0,0,0,0,0,0,0,0,0,0,0,0,0,0,0,0,0,0,0,0,0,0,0,0,0,0,0,0,0,0,0,0,0,0,0,0,0,0,0,0,0,0,0,0,0,0,0,0,0,0,0,0,0,0,0,0,0,0,0,0,0,0,0,0,0,0,0,0,0,0,0,0,0,0,0,0,0,0,0,0,0,0,0,0,0,0,0,0,0,0,0,0,0,0,0,0,0,0,0,0,0,0,0,0,0,0,0,0,0,0,0,0,0,0,0,0,0,0,0,0,0,0,0,0,0,0,0,0,0,0,0,0,0,0,0,0,0,0,0,0,0,0,0,0,0,0,0,0,0,0,0,0,0,0,0,0,0,0,0,0,0,0,0,0,0,0,0,0,0,0,0,0,0,0,0,0,0,0,0,0,0,0,0,0,0,0,0,0,0,0,0,0,0,0,0,0,0,0,0,0,0,0,0,0,0,0,0,0,0,0,0,0,0,0,0,0,0,0,0,0,0,0,0,0,0,0,0,0,0,0,0,0,0,0,0,0,0,0,0,0,0,0,0,0,0,0,0,0,0,0,0,0,0,0,0,0,0,0,0,0,0,0,0,0,0,0,0,0,0,0,0,0,0,0,0,0,0,0,0,0,0,0,0,0,0,0,0,0,0,0,0,0,0,0,0,0,0,0,0,0,65,65,0,0,0,0,0,0,0,0,0,0,0,0,0,0,0,0,0,0,0,0,0,0,0,0,0,0,0,0,0,0,0,0,0,0,0,0,0,0,0,0,0,0,0,0,0,0,0,0,0,0,0,0,0,0,0,0,0,0,0,0,0,0,0,0,0,0,0,0,0,0,0,0,0,0,0,0,0,0,0,0,0,0,0,0,0,0,0,0,0,0,0,0,0,0,0,0,0,0,0,0,0,0,0,0,0,0,0,0,0,0,0,0,0,0,0,0,0,0,0,0,0,0,0,0,0,0,0,0,0,0,0,0,0,0,0,0,0,0,0,0,0,0,0,0,0,0,0,0,0,0,0,0,0,0,0,0,0,0,0,0,0,0,0,65,65
