-6625.12400	6756.19000
-8689.93800	8821.00400
-8656.50400	8853.89600
-8621.64300	8887.90800
-8586.64100	8921.92000
-8551.49800	8955.64900
-8516.21400	8989.37800
-8480.78700	9022.82400
-8445.29100	9056.19900
-8409.58200	9089.50400
-8373.73200	9122.52600
-8337.81000	9155.47700
-8301.74800	9188.28700
-8265.54400	9220.95500
-8229.27000	9253.55300
-8192.85400	9285.86800
-8156.22500	9318.11200
-8119.52700	9350.28500
-8082.68600	9382.17600
-8045.77500	9413.99500
-8008.72300	9445.67400
-7971.45800	9477.14000
-7934.12300	9508.53600
-7896.71700	9539.71900
-7859.09900	9570.83200
-7821.41000	9601.73200
-7783.65100	9632.56200
-7745.67900	9663.18000
-7707.63700	9693.58500
-7669.45300	9723.99100
-7631.19900	9754.18400
-7592.73200	9784.16600
-7554.19500	9814.07600
-7515.58700	9843.77500
-7476.83700	9873.33200
-7437.94600	9902.74800
-7398.91400	9932.02200
-7359.88200	9961.15500
-7320.63700	9990.07500
-7281.32200	10018.92500
-7241.79500	10047.56300
-7202.26800	10076.05900
-7162.59900	10104.41400
-7122.86000	10132.55700
-7082.90800	10160.62900
-7042.88600	10188.48900
-7002.79300	10216.13700
-6962.55900	10243.78500
-6922.25300	10271.08000
-6881.80700	10298.37400
-6841.29000	10325.45600
-6800.63100	10352.39700
-6759.90200	10379.12500
-6719.03100	10405.71300
-6678.01900	10432.15800
-6636.93600	10458.39200
-6595.78200	10484.55500
-6554.55800	10510.50600
-6513.12100	10536.24500
-6471.61400	10561.91300
-6430.03600	10587.36800
-6388.38800	10612.61200
-6346.59800	10637.85600
-6304.73700	10662.74600
-6262.80600	10687.56500
-6220.73300	10712.24300
-6178.51900	10736.63900
-6136.23400	10760.96300
-6093.94900	10785.14600
-6051.45100	10809.11700
-6008.95400	10832.94700
-5966.24500	10856.56400
-5923.53600	10880.04000
-5880.68500	10903.37400
-5837.76400	10926.49700
-5794.77200	10949.40700
-5751.70900	10972.24700
-5708.43400	10994.87400
-5665.23000	11017.28900
-5621.81300	11039.63400
-5578.39700	11061.69600
-5534.91000	11083.68700
-5491.21100	11105.46600
-5447.51200	11127.10300
-5403.74200	11148.52800
-5359.90100	11169.74200
-5315.91900	11190.81300
-5271.86600	11211.81400
-5227.74300	11232.46200
-5183.54900	11253.03900
-5139.21300	11273.47400
-5094.87700	11293.62700
-5050.47100	11313.70800
-5005.92300	11333.64900
-4961.30500	11353.23600
-4916.61600	11372.75200
-4871.92700	11392.12700
-4827.02500	11411.28900
-4782.12400	11430.31000
-4737.15200	11449.11900
-4692.10900	11467.71600
-4646.99600	11486.24300
-4601.74100	11504.48600
-4556.48600	11522.58800
-4511.16100	11540.47800
-4465.76400	11558.29700
-4420.22700	11575.83300
-4374.68900	11593.22800
-4329.08100	11610.41100
-4283.47200	11627.45200
-4237.65200	11644.28100
-4191.83100	11660.96900
-4145.94000	11677.44400
-4100.04900	11693.77800
-4054.08700	11709.90000
-4007.98400	11725.88100
-3961.80900	11741.65000
-3915.56500	11757.20600
-3869.32000	11772.62100
-3823.00400	11787.82400
-3776.68900	11802.88500
-3730.23200	11817.66400
-3683.70400	11832.37100
-3637.17700	11846.93800
-3590.57800	11861.15100
-3543.90900	11875.29300
-3497.17000	11889.22300
-3450.43000	11903.01100
-3403.61900	11916.58800
-3356.73800	11929.95200
-3309.71600	11943.17500
-3262.76400	11956.18600
-3215.74100	11968.98400
-3168.64800	11981.71200
-3121.55400	11994.15700
-3074.32000	12006.46100
-3027.08500	12018.48200
-2979.78000	12030.43200
-2932.54500	12042.17000
-2885.09800	12053.69600
-2837.72200	12065.00900
-2790.20400	12076.18200
-2742.75700	12087.14200
-2695.16900	12097.96100
-2647.65200	12108.56700
-2599.99300	12119.03200
-2552.33400	12129.21500
-2504.60400	12139.18500
-2456.80300	12149.08400
-2409.07400	12158.77200
-2361.27300	12168.24700
-2313.40200	12177.51000
-2265.53100	12186.63200
-2217.58900	12195.54100
-2169.57700	12204.23900
-2121.56400	12212.79500
-2073.48100	12221.13900
-2025.46800	12229.27000
-1977.31400	12237.26100
-1929.23100	12245.03900
-1881.07700	12252.60500
-1832.92300	12260.03000
-1784.69800	12267.24200
-1736.40300	12274.24200
-1688.10800	12281.10100
-1639.88300	12287.74800
-1591.51700	12294.25300
-1543.15100	12300.47600
-1494.78500	12306.55700
-1446.34800	12312.42600
-1397.98200	12318.08300
-1349.47400	12323.59800
-1301.03700	12328.90200
-1252.53000	12333.99300
-1204.02200	12338.94300
-1155.58500	12343.68000
-1107.00700	12348.27600
-1058.42900	12352.59000
-1009.85100	12356.76200
-961.20200	12360.72200
-912.62400	12364.46900
-864.04500	12368.07500
-815.39600	12371.47000
-766.74700	12374.72200
-718.09900	12377.69200
-669.37900	12380.59100
-620.73000	12383.13700
-572.01000	12385.61200
-523.36100	12387.87400
-474.64200	12389.92500
-425.92200	12391.83400
-377.20200	12393.46100
-340.00100	12394.64600
-340.00100	9473.00300
-374.58600	9471.62500
-417.22500	9469.71500
-459.79200	9467.59400
-502.36000	9465.33100
-544.92800	9462.92700
-587.49600	9460.24000
-629.99300	9457.34100
-672.56100	9454.37100
-715.05800	9451.04800
-757.62600	9447.65400
-800.12300	9444.04700
-842.54900	9440.22900
-884.97600	9436.26900
-927.40200	9432.02700
-969.82900	9427.64300
-1012.25500	9423.11700
-1054.61100	9418.37900
-1096.96600	9413.35900
-1139.25100	9408.26800
-1181.53600	9402.89400
-1223.82100	9397.37800
-1266.10600	9391.72200
-1350.53500	9379.70100
-1392.74900	9373.40700
-1434.82200	9366.97300
-1476.96600	9360.32600
-1519.03800	9353.46700
-1561.04100	9346.39600
-1603.11300	9339.11300
-1645.11600	9331.75900
-1687.04700	9324.19300
-1728.97800	9316.34400
-1770.91000	9308.35400
-1812.70000	9300.22200
-1854.49000	9291.80700
-1896.28000	9283.25100
-1938.07000	9274.55400
-1979.71800	9265.57400
-2021.36700	9256.45200
-2062.94500	9247.26000
-2104.52300	9237.78400
-2146.10100	9228.02600
-2187.60800	9218.19800
-2229.04400	9208.15700
-2270.41000	9197.90400
-2311.77600	9187.50900
-2353.07100	9176.90300
-2394.29500	9166.08400
-2435.51900	9155.12400
-2476.60200	9144.02200
-2517.68500	9132.63800
-2558.76800	9121.11200
-2599.78000	9109.37400
-2640.72200	9097.56500
-2681.59300	9085.40300
-2722.39300	9073.17000
-2763.26300	9060.72500
-2803.92200	9048.06800
-2844.58100	9035.26900
-2885.16900	9022.25800
-2925.75700	9009.10600
-2966.27400	8995.74200
-3006.72000	8982.16500
-3047.02500	8968.44700
-3087.40100	8954.51700
-3127.63600	8940.44600
-3167.79900	8926.16200
-3207.96300	8911.73700
-3247.91400	8897.10000
-3287.93700	8882.25100
-3327.81800	8867.26000
-3367.69800	8852.12800
-3407.50800	8836.78400
-3447.17700	8821.29900
-3486.84600	8805.53000
-3526.37300	8789.62000
-3565.90000	8773.56900
-3605.28600	8757.37600
-3644.67200	8740.90000
-3683.98700	8724.35400
-3723.09000	8707.59600
-3762.26400	8690.62500
-3801.29600	8673.51300
-3840.25800	8656.18900
-3879.14900	8638.79400
-3918.04000	8621.11700
-3995.39700	8585.33700
-4033.93400	8567.16400
-4072.40100	8548.78000
-4110.86800	8530.25300
-4149.19300	8511.58600
-4187.44700	8492.70600
-4225.56000	8473.68500
-4263.60300	8454.45200
-4301.64500	8435.07700
-4339.54600	8415.56100
-4377.30500	8395.90300
-4415.06500	8375.96300
-4452.68300	8355.88100
-4490.16000	8335.65800
-4527.63600	8315.29300
-4565.04200	8294.71600
-4602.30700	8273.99800
-4639.43000	8253.13800
-4676.48200	8232.06600
-4713.46400	8210.78300
-4750.37500	8189.42800
-4787.07400	8167.86100
-4823.77300	8146.15300
-4860.40100	8124.23300
-4896.88700	8102.17100
-4933.23300	8079.96800
-4969.57800	8057.62300
-5005.78200	8034.99600
-5041.84400	8012.36800
-5077.90700	7989.45800
-5113.75700	7966.47700
-5149.53700	7943.28400
-5185.17500	7919.95000
-5220.74200	7896.40300
-5256.16800	7872.71500
-5291.59400	7848.88500
-5326.80800	7824.84400
-5361.95200	7800.73100
-5397.02400	7776.40700
-5431.88400	7752.01200
-5466.74500	7727.33400
-5501.39300	7702.58500
-5535.97100	7677.62400
-5570.47700	7652.59200
-5604.84300	7627.27800
-5639.13700	7601.89300
-5673.22000	7576.29600
-5707.23200	7550.62800
-5741.10200	7524.81800
-5774.90200	7498.79700
-5808.56000	7472.63400
-5842.14800	7446.25900
-5875.52300	7419.81300
-5908.89900	7393.22600
-5942.06200	7366.42600
-5975.15500	7339.55600
-6008.03500	7312.47400
-6040.91600	7285.25000
-6073.65500	7257.88500
-6106.18100	7230.45000
-6138.63800	7202.80200
-6171.02300	7174.94200
-6203.19700	7147.01100
-6235.22800	7118.93900
-6267.26000	7090.72500
-6299.08000	7062.30000
-6330.75900	7033.87400
-6362.29600	7005.16500
-6393.76200	6976.38600
-6425.08700	6947.46600
-6456.27000	6918.40300
-6487.38300	6889.12900
-6518.28300	6859.78400
-6549.04200	6830.29800
-6579.66000	6800.67000
-6610.20700	6770.83000