顶点列表:
-6625.124,6756.190;-8689.938,8821.004;-8656.504,8853.896;-8621.643,8887.908;-8586.641,8921.920;-8551.498,8955.649;-8516.214,8989.378;-8480.787,9022.824;-8445.291,9056.199;-8409.582,9089.504;-8373.732,9122.526;-8337.810,9155.477;-8301.748,9188.287;-8265.544,9220.955;-8229.270,9253.553;-8192.854,9285.868;-8156.225,9318.112;-8119.527,9350.285;-8082.686,9382.176;-8045.775,9413.995;-8008.723,9445.674;-7971.458,9477.140;-7934.123,9508.536;-7896.717,9539.719;-7859.099,9570.832;-7821.410,9601.732;-7783.651,9632.562;-7745.679,9663.180;-7707.637,9693.585;-7669.453,9723.991;-7631.199,9754.184;-7592.732,9784.166;-7554.195,9814.076;-7515.587,9843.775;-7476.837,9873.332;-7437.946,9902.748;-7398.914,9932.022;-7359.882,9961.155;-7320.637,9990.075;-7281.322,10018.925;-7241.795,10047.563;-7202.268,10076.059;-7162.599,10104.414;-7122.860,10132.557;-7082.908,10160.629;-7042.886,10188.489;-7002.793,10216.137;-6962.559,10243.785;-6922.253,10271.080;-6881.807,10298.374;-6841.290,10325.456;-6800.631,10352.397;-6759.902,10379.125;-6719.031,10405.713;-6678.019,10432.158;-6636.936,10458.392;-6595.782,10484.555;-6554.558,10510.506;-6513.121,10536.245;-6471.614,10561.913;-6430.036,10587.368;-6388.388,10612.612;-6346.598,10637.856;-6304.737,10662.746;-6262.806,10687.565;-6220.733,10712.243;-6178.519,10736.639;-6136.234,10760.963;-6093.949,10785.146;-6051.451,10809.117;-6008.954,10832.947;-5966.245,10856.564;-5923.536,10880.040;-5880.685,10903.374;-5837.764,10926.497;-5794.772,10949.407;-5751.709,10972.247;-5708.434,10994.874;-5665.230,11017.289;-5621.813,11039.634;-5578.397,11061.696;-5534.910,11083.687;-5491.211,11105.466;-5447.512,11127.103;-5403.742,11148.528;-5359.901,11169.742;-5315.919,11190.813;-5271.866,11211.814;-5227.743,11232.462;-5183.549,11253.039;-5139.213,11273.474;-5094.877,11293.627;-5050.471,11313.708;-5005.923,11333.649;-4961.305,11353.236;-4916.616,11372.752;-4871.927,11392.127;-4827.025,11411.289;-4782.124,11430.310;-4737.152,11449.119;-4692.109,11467.716;-4646.996,11486.243;-4601.741,11504.486;-4556.486,11522.588;-4511.161,11540.478;-4465.764,11558.297;-4420.227,11575.833;-4374.689,11593.228;-4329.081,11610.411;-4283.472,11627.452;-4237.652,11644.281;-4191.831,11660.969;-4145.940,11677.444;-4100.049,11693.778;-4054.087,11709.900;-4007.984,11725.881;-3961.809,11741.650;-3915.565,11757.206;-3869.320,11772.621;-3823.004,11787.824;-3776.689,11802.885;-3730.232,11817.664;-3683.704,11832.371;-3637.177,11846.938;-3590.578,11861.151;-3543.909,11875.293;-3497.170,11889.223;-3450.430,11903.011;-3403.619,11916.588;-3356.738,11929.952;-3309.716,11943.175;-3262.764,11956.186;-3215.741,11968.984;-3168.648,11981.712;-3121.554,11994.157;-3074.320,12006.461;-3027.085,12018.482;-2979.780,12030.432;-2932.545,12042.170;-2885.098,12053.696;-2837.722,12065.009;-2790.204,12076.182;-2742.757,12087.142;-2695.169,12097.961;-2647.652,12108.567;-2599.993,12119.032;-2552.334,12129.215;-2504.604,12139.185;-2456.803,12149.084;-2409.074,12158.772;-2361.273,12168.247;-2313.402,12177.510;-2265.531,12186.632;-2217.589,12195.541;-2169.577,12204.239;-2121.564,12212.795;-2073.481,12221.139;-2025.468,12229.270;-1977.314,12237.261;-1929.231,12245.039;-1881.077,12252.605;-1832.923,12260.030;-1784.698,12267.242;-1736.403,12274.242;-1688.108,12281.101;-1639.883,12287.748;-1591.517,12294.253;-1543.151,12300.476;-1494.785,12306.557;-1446.348,12312.426;-1397.982,12318.083;-1349.474,12323.598;-1301.037,12328.902;-1252.530,12333.993;-1204.022,12338.943;-1155.585,12343.680;-1107.007,12348.276;-1058.429,12352.590;-1009.851,12356.762;-961.202,12360.722;-912.624,12364.469;-864.045,12368.075;-815.396,12371.470;-766.747,12374.722;-718.099,12377.692;-669.379,12380.591;-620.730,12383.137;-572.010,12385.612;-523.361,12387.874;-474.642,12389.925;-425.922,12391.834;-377.202,12393.461;-340.001,12394.646;-340.001,9473.003;-374.586,9471.625;-417.225,9469.715;-459.792,9467.594;-502.360,9465.331;-544.928,9462.927;-587.496,9460.240;-629.993,9457.341;-672.561,9454.371;-715.058,9451.048;-757.626,9447.654;-800.123,9444.047;-842.549,9440.229;-884.976,9436.269;-927.402,9432.027;-969.829,9427.643;-1012.255,9423.117;-1054.611,9418.379;-1096.966,9413.359;-1139.251,9408.268;-1181.536,9402.894;-1223.821,9397.378;-1266.106,9391.722;-1350.535,9379.701;-1392.749,9373.407;-1434.822,9366.973;-1476.966,9360.326;-1519.038,9353.467;-1561.041,9346.396;-1603.113,9339.113;-1645.116,9331.759;-1687.047,9324.193;-1728.978,9316.344;-1770.910,9308.354;-1812.700,9300.222;-1854.490,9291.807;-1896.280,9283.251;-1938.070,9274.554;-1979.718,9265.574;-2021.367,9256.452;-2062.945,9247.260;-2104.523,9237.784;-2146.101,9228.026;-2187.608,9218.198;-2229.044,9208.157;-2270.410,9197.904;-2311.776,9187.509;-2353.071,9176.903;-2394.295,9166.084;-2435.519,9155.124;-2476.602,9144.022;-2517.685,9132.638;-2558.768,9121.112;-2599.780,9109.374;-2640.722,9097.565;-2681.593,9085.403;-2722.393,9073.170;-2763.263,9060.725;-2803.922,9048.068;-2844.581,9035.269;-2885.169,9022.258;-2925.757,9009.106;-2966.274,8995.742;-3006.720,8982.165;-3047.025,8968.447;-3087.401,8954.517;-3127.636,8940.446;-3167.799,8926.162;-3207.963,8911.737;-3247.914,8897.100;-3287.937,8882.251;-3327.818,8867.260;-3367.698,8852.128;-3407.508,8836.784;-3447.177,8821.299;-3486.846,8805.530;-3526.373,8789.620;-3565.900,8773.569;-3605.286,8757.376;-3644.672,8740.900;-3683.987,8724.354;-3723.090,8707.596;-3762.264,8690.625;-3801.296,8673.513;-3840.258,8656.189;-3879.149,8638.794;-3918.040,8621.117;-3995.397,8585.337;-4033.934,8567.164;-4072.401,8548.780;-4110.868,8530.253;-4149.193,8511.586;-4187.447,8492.706;-4225.560,8473.685;-4263.603,8454.452;-4301.645,8435.077;-4339.546,8415.561;-4377.305,8395.903;-4415.065,8375.963;-4452.683,8355.881;-4490.160,8335.658;-4527.636,8315.293;-4565.042,8294.716;-4602.307,8273.998;-4639.430,8253.138;-4676.482,8232.066;-4713.464,8210.783;-4750.375,8189.428;-4787.074,8167.861;-4823.773,8146.153;-4860.401,8124.233;-4896.887,8102.171;-4933.233,8079.968;-4969.578,8057.623;-5005.782,8034.996;-5041.844,8012.368;-5077.907,7989.458;-5113.757,7966.477;-5149.537,7943.284;-5185.175,7919.950;-5220.742,7896.403;-5256.168,7872.715;-5291.594,7848.885;-5326.808,7824.844;-5361.952,7800.731;-5397.024,7776.407;-5431.884,7752.012;-5466.745,7727.334;-5501.393,7702.585;-5535.971,7677.624;-5570.477,7652.592;-5604.843,7627.278;-5639.137,7601.893;-5673.220,7576.296;-5707.232,7550.628;-5741.102,7524.818;-5774.902,7498.797;-5808.560,7472.634;-5842.148,7446.259;-5875.523,7419.813;-5908.899,7393.226;-5942.062,7366.426;-5975.155,7339.556;-6008.035,7312.474;-6040.916,7285.250;-6073.655,7257.885;-6106.181,7230.450;-6138.638,7202.802;-6171.023,7174.942;-6203.197,7147.011;-6235.228,7118.939;-6267.260,7090.725;-6299.080,7062.300;-6330.759,7033.874;-6362.296,7005.165;-6393.762,6976.386;-6425.087,6947.466;-6456.270,6918.403;-6487.383,6889.129;-6518.283,6859.784;-6549.042,6830.298;-6579.660,6800.670;-6610.207,6770.830
短控制列表:
0,0,0,0,0,0,0,0,0,0,0,0,0,0,0,0,0,0,0,0,0,0,0,0,0,0,0,0,0,0,0,0,0,0,0,0,0,0,0,0,0,0,0,0,0,0,0,0,0,0,0,0,0,0,0,0,0,0,0,0,0,0,0,0,0,0,0,0,0,0,0,0,0,0,0,0,0,0,0,0,0,0,0,0,0,0,0,0,0,0,0,0,0,0,0,0,0,0,0,0,0,0,0,0,0,0,0,0,0,0,0,0,0,0,0,0,0,0,0,0,0,0,0,0,0,0,0,0,0,0,0,0,0,0,0,0,0,0,0,0,0,0,0,0,0,0,0,0,0,0,0,0,0,0,0,0,0,0,0,0,0,0,50,50,0,0,0,0,0,0,0,0,0,0,0,0,0,0,0,0,0,0,0,0,0,0,0,0,0,0,0,0,0,0,0,0,0,0,0,0,0,0,0,0,0,0,0,0,0,0,0,0,0,0,0,0,0,0,0,0,0,0,0,0,0,0,0,0,0,0,0,0,0,0,0,0,0,0,0,0,0,0,0,0,0,0,0,0,0,0,0,0,0,0,0,0,0,0,0,0,0,0,0,0,0,0,0,0,0,0,0,0,0,0,0,0,0,0,0,0,0,0,0,0,0,0,0,0,0,0,0,0,0,0,0,0,0,0,0,0,0,0,0,0,0,0,0,0,0,0,0,0,0,0,0,0,0,0,0,0,0,0,0,0,0,0,0,0,0,0,0,0,0,0,0,0,0,0,0,0,0,0,0,0,0,0,0,0,0,0,0,0,0,0,50,50
短控制列表2:
0,0,0,0,0,0,0,0,0,0,0,0,0,0,0,0,0,0,0,0,0,0,0,0,0,0,0,0,0,0,0,0,0,0,0,0,0,0,0,0,0,0,0,0,0,0,0,0,0,0,0,0,0,0,0,0,0,0,0,0,0,0,0,0,0,0,0,0,0,0,0,0,0,0,0,0,0,0,0,0,0,0,0,0,0,0,0,0,0,0,0,0,0,0,0,0,0,0,0,0,0,0,0,0,0,0,0,0,0,0,0,0,0,0,0,0,0,0,0,0,0,0,0,0,0,0,0,0,0,0,0,0,0,0,0,0,0,0,0,0,0,0,0,0,0,0,0,0,0,0,0,0,0,0,0,0,0,0,0,0,0,0,45,45,0,0,0,0,0,0,0,0,0,0,0,0,0,0,0,0,0,0,0,0,0,0,0,0,0,0,0,0,0,0,0,0,0,0,0,0,0,0,0,0,0,0,0,0,0,0,0,0,0,0,0,0,0,0,0,0,0,0,0,0,0,0,0,0,0,0,0,0,0,0,0,0,0,0,0,0,0,0,0,0,0,0,0,0,0,0,0,0,0,0,0,0,0,0,0,0,0,0,0,0,0,0,0,0,0,0,0,0,0,0,0,0,0,0,0,0,0,0,0,0,0,0,0,0,0,0,0,0,0,0,0,0,0,0,0,0,0,0,0,0,0,0,0,0,0,0,0,0,0,0,0,0,0,0,0,0,0,0,0,0,0,0,0,0,0,0,0,0,0,0,0,0,0,0,0,0,0,0,0,0,0,0,0,0,0,0,0,0,0,0,45,45
短控制列表3:
0,0,0,0,0,0,0,0,0,0,0,0,0,0,0,0,0,0,0,0,0,0,0,0,0,0,0,0,0,0,0,0,0,0,0,0,0,0,0,0,0,0,0,0,0,0,0,0,0,0,0,0,0,0,0,0,0,0,0,0,0,0,0,0,0,0,0,0,0,0,0,0,0,0,0,0,0,0,0,0,0,0,0,0,0,0,0,0,0,0,0,0,0,0,0,0,0,0,0,0,0,0,0,0,0,0,0,0,0,0,0,0,0,0,0,0,0,0,0,0,0,0,0,0,0,0,0,0,0,0,0,0,0,0,0,0,0,0,0,0,0,0,0,0,0,0,0,0,0,0,0,0,0,0,0,0,0,0,0,0,0,0,10,10,0,0,0,0,0,0,0,0,0,0,0,0,0,0,0,0,0,0,0,0,0,0,0,0,0,0,0,0,0,0,0,0,0,0,0,0,0,0,0,0,0,0,0,0,0,0,0,0,0,0,0,0,0,0,0,0,0,0,0,0,0,0,0,0,0,0,0,0,0,0,0,0,0,0,0,0,0,0,0,0,0,0,0,0,0,0,0,0,0,0,0,0,0,0,0,0,0,0,0,0,0,0,0,0,0,0,0,0,0,0,0,0,0,0,0,0,0,0,0,0,0,0,0,0,0,0,0,0,0,0,0,0,0,0,0,0,0,0,0,0,0,0,0,0,0,0,0,0,0,0,0,0,0,0,0,0,0,0,0,0,0,0,0,0,0,0,0,0,0,0,0,0,0,0,0,0,0,0,0,0,0,0,0,0,0,0,0,0,0,0,10,10
短控制列表4:
0,0,0,0,0,0,0,0,0,0,0,0,0,0,0,0,0,0,0,0,0,0,0,0,0,0,0,0,0,0,0,0,0,0,0,0,0,0,0,0,0,0,0,0,0,0,0,0,0,0,0,0,0,0,0,0,0,0,0,0,0,0,0,0,0,0,0,0,0,0,0,0,0,0,0,0,0,0,0,0,0,0,0,0,0,0,0,0,0,0,0,0,0,0,0,0,0,0,0,0,0,0,0,0,0,0,0,0,0,0,0,0,0,0,0,0,0,0,0,0,0,0,0,0,0,0,0,0,0,0,0,0,0,0,0,0,0,0,0,0,0,0,0,0,0,0,0,0,0,0,0,0,0,0,0,0,0,0,0,0,0,0,65,65,0,0,0,0,0,0,0,0,0,0,0,0,0,0,0,0,0,0,0,0,0,0,0,0,0,0,0,0,0,0,0,0,0,0,0,0,0,0,0,0,0,0,0,0,0,0,0,0,0,0,0,0,0,0,0,0,0,0,0,0,0,0,0,0,0,0,0,0,0,0,0,0,0,0,0,0,0,0,0,0,0,0,0,0,0,0,0,0,0,0,0,0,0,0,0,0,0,0,0,0,0,0,0,0,0,0,0,0,0,0,0,0,0,0,0,0,0,0,0,0,0,0,0,0,0,0,0,0,0,0,0,0,0,0,0,0,0,0,0,0,0,0,0,0,0,0,0,0,0,0,0,0,0,0,0,0,0,0,0,0,0,0,0,0,0,0,0,0,0,0,0,0,0,0,0,0,0,0,0,0,0,0,0,0,0,0,0,0,0,0,65,65
加长控制列表:
0,0,0,0,0,0,0,0,0,0,0,0,0,0,0,0,0,0,0,0,0,0,0,0,0,0,0,0,0,0,0,0,0,0,0,0,0,0,0,0,0,0,0,0,0,0,0,0,0,0,0,0,0,0,0,0,0,0,0,0,0,0,0,0,0,0,0,0,0,0,0,0,0,0,0,0,0,0,0,0,0,0,0,0,0,0,0,0,0,0,0,0,0,0,0,0,0,0,0,0,0,0,0,0,0,0,0,0,0,0,0,0,0,0,0,0,0,0,0,0,0,0,0,0,0,0,0,0,0,0,0,0,0,0,0,0,0,0,0,0,0,0,0,0,0,0,0,0,0,0,0,0,0,0,0,0,0,0,0,0,0,0,0,0,0,0,0,0,0,0,0,0,0,0,0,0,0,0,0,0,0,0,0,0,0,0,0,0,0,0,0,0,0,0,0,0,0,0,0,0,0,0,0,0,0,0,0,0,0,0,0,0,0,0,0,0,0,0,0,0,0,0,0,0,0,0,0,0,0,0,0,0,0,0,0,0,0,0,0,0,0,0,0,0,0,0,0,0,0,0,0,0,0,0,0,0,0,0,0,0,0,0,0,0,0,0,0,0,0,0,0,0,0,0,0,0,0,0,0,0,0,0,0,0,0,0,0,0,0,0,0,0,0,0,0,0,0,0,0,0,0,0,0,0,0,0,0,0,0,0,0,0,0,0,0,0,0,0,0,0,0,0,0,0,0,0,0,0,0,0,0,0,0,0,0,0,0,0,0,0,0,0,0,0,0,0,0,0,0,0,0,0,0,0,0,0,0,0,0,0,0,0,0,0,0,0,0,0,0,0,0,0,0,0,0,0,0,0,0,0,0,0,0,0,0,0,0,0,0,0,0,0,0,0,0,0,0,0,0,0,0,0,0,0,0,0,0,0,0,0,0,0,0,0,0,0,0,0,0,0,0,0,0,0,0,0,0,0,0,0,0,0,0,0,0,0,0,0,0,0,0,0,0,0,0,0,0,0,0,0,0,0,0,0,0,0,0,0,0,0,0,0,0,0,0,0,0,0,0,0,0,0,0,0,0,0,0,0,0,0,0,0,0,0,0,0,0,0,0,0,0,0,0,0,0,0,0,0,0,0,0,0,0,0,0,0,0,0,0,0,0,0,0,0,0,0,0,0,65,65,0,0,0,0,0,0,0,0,0,0,0,0,0,0,0,0,0,0,0,0,0,0,0,0,0,0,0,0,0,0,0,0,0,0,0,0,0,0,0,0,0,0,0,0,0,0,0,0,0,0,0,0,0,0,0,0,0,0,0,0,0,0,0,0,0,0,0,0,0,0,0,0,0,0,0,0,0,0,0,0,0,0,0,0,0,0,0,0,0,0,0,0,0,0,0,0,0,0,0,0,0,0,0,0,0,0,0,0,0,0,0,0,0,0,0,0,0,0,0,0,0,0,0,0,0,0,0,0,0,0,0,0,0,0,0,0,0,0,0,0,0,0,0,0,0,0,0,0,0,0,0,0,0,0,0,0,0,0,0,0,0,0,0,0,0,0,0,0,0,0,0,0,0,0,0,0,0,0,0,0,0,0,0,0,0,0,0,0,0,0,65,65
