-15464.08100	15595.14700
-17104.66200	17235.72800
-15287.39700	19052.99200
-15683.14000	19448.73400
-15643.35500	19480.79200
-15589.33200	19524.20800
-15535.16800	19567.34200
-15480.93200	19610.40400
-15426.48500	19653.25500
-15371.96700	19696.03500
-15317.37900	19738.60300
-15262.64900	19781.02900
-15207.77700	19823.31400
-15152.83500	19865.38700
-15097.68100	19907.38900
-15042.52600	19949.25000
-14987.16000	19990.89900
-14931.72300	20032.33500
-14876.21500	20073.70100
-14820.56500	20114.92500
-14764.77500	20156.00800
-14708.84300	20196.95000
-14652.84000	20237.67900
-14596.69500	20278.26700
-14540.48000	20318.64300
-14484.12400	20358.87700
-14427.69700	20399.04100
-14371.05800	20438.99200
-14314.41800	20478.80200
-14257.63800	20518.47100
-14200.78600	20557.92800
-14143.72300	20597.31300
-14086.58900	20636.48700
-14029.38400	20675.44900
-13972.10800	20714.34000
-13914.62000	20753.01800
-13857.13200	20791.55600
-13799.43300	20829.88100
-13741.66200	20868.13500
-13683.82100	20906.17800
-13625.83800	20944.07900
-13567.71400	20981.83800
-13509.58900	21019.45600
-13451.25300	21056.86200
-13392.91700	21094.12700
-13334.36800	21131.17900
-13275.82000	21168.09000
-13217.13000	21204.86000
-13158.29900	21241.48800
-13099.39700	21277.90400
-13040.42400	21314.24900
-12981.31000	21350.31100
-12922.12500	21386.30300
-12862.87000	21422.08300
-12803.40200	21457.65000
-12743.93400	21493.07600
-12684.39600	21528.43200
-12624.64500	21563.57500
-12564.82400	21598.50600
-12505.00300	21633.29600
-12445.04000	21667.94400
-12384.93600	21702.45100
-12324.76100	21736.74500
-12264.51600	21770.82800
-12204.12900	21804.76900
-12143.74200	21838.56900
-12083.14300	21872.15600
-12022.47300	21905.67300
-11961.73300	21938.97800
-11900.92200	21972.07000
-11840.04000	22005.09200
-11779.01600	22037.83100
-11717.92200	22070.50000
-11656.68700	22102.88500
-11595.45100	22135.12900
-11534.07500	22167.23200
-11472.62700	22199.26400
-11411.10900	22230.94200
-11349.44900	22262.62100
-11287.78900	22294.01600
-11225.98800	22325.27000
-11164.04600	22356.38300
-11102.03200	22387.28400
-11040.01900	22418.04300
-10977.86400	22448.51900
-10915.63900	22478.92500
-10853.27200	22509.18900
-10790.90500	22539.17000
-10728.39700	22569.15100
-10665.81800	22598.77900
-10603.16800	22628.33600
-10540.44800	22657.68100
-10477.72800	22686.88500
-10414.79500	22715.87600
-10351.86300	22744.72600
-10288.71800	22773.36400
-10225.57300	22801.86000
-10162.42900	22830.21500
-10099.14300	22858.28700
-10035.78600	22886.28900
-9972.35900	22914.07800
-9908.79000	22941.72600
-9845.22100	22969.09100
-9781.51000	22996.31500
-9717.80000	23023.39700
-9653.94800	23050.33800
-9590.02600	23077.06600
-9526.10300	23103.65300
-9462.04000	23129.95800
-9397.90500	23156.19100
-9333.77000	23182.14200
-9269.49400	23208.09300
-9205.14800	23233.69000
-9140.80100	23259.14600
-9076.31300	23284.46100
-9011.75400	23309.56300
-8947.12400	23334.59400
-8882.49500	23359.34300
-8817.72400	23383.95100
-8752.88200	23408.34600
-8687.97000	23432.52900
-8623.05700	23456.57000
-8558.00400	23480.47100
-8493.02000	23504.15900
-8427.82500	23527.63500
-8362.63000	23550.96900
-8297.36400	23574.09200
-8231.95700	23597.07300
-8166.62000	23619.84100
-8101.14200	23642.46900
-8035.59300	23664.88400
-7970.04400	23687.15800
-7904.35400	23709.14900
-7838.59300	23731.06900
-7772.90300	23752.77700
-7707.00100	23774.27300
-7641.09800	23795.62800
-7575.12500	23816.77100
-7509.15200	23837.77200
-7443.10800	23858.56100
-7376.99400	23879.13700
-7310.80900	23899.50200
-7244.55300	23919.79600
-7178.29700	23939.80700
-7111.89900	23959.67700
-7045.57300	23979.33400
-6979.03400	23998.78000
-6912.56600	24018.15500
-6845.95700	24037.24600
-6779.34700	24056.19700
-6712.66700	24074.93500
-6645.98700	24093.53200
-6579.23600	24111.91700
-6512.34400	24130.16000
-6445.52200	24148.19200
-6311.59600	24183.68800
-6244.56200	24201.08300
-6177.52900	24218.33700
-6110.35300	24235.44900
-6043.24900	24252.34800
-5976.00300	24269.10700
-5908.75700	24285.58200
-5841.44100	24301.98700
-5774.12400	24318.10900
-5706.66600	24334.09000
-5639.27900	24349.85800
-5571.75000	24365.48500
-5504.29200	24380.90000
-5436.69300	24396.17400
-5369.09300	24411.16500
-5301.49400	24426.01400
-5233.75300	24440.72200
-5166.01200	24455.14700
-5098.27100	24469.43000
-5030.46000	24483.50200
-4962.64800	24497.43200
-4894.76600	24511.14900
-4826.81300	24524.65500
-4758.86000	24538.02000
-4690.83700	24551.17200
-4622.81300	24564.18200
-4554.71800	24576.98100
-4486.62400	24589.49700
-4418.45900	24601.94200
-4350.36500	24614.17500
-4282.05800	24626.19600
-4213.89300	24638.07500
-4145.58700	24649.67200
-4077.28000	24661.12700
-4008.97300	24672.44100
-3940.59600	24683.54200
-3872.21900	24694.36100
-3803.77100	24705.10900
-3735.32300	24715.57400
-3666.80500	24725.96900
-3598.28600	24736.08000
-3529.76700	24746.05000
-3461.24900	24755.73800
-3392.58800	24765.28400
-3390.00000	24765.63800
-3390.00000	24270.00000
-820.00000	24270.00000
-820.00000	21963.75300
-835.54900	21963.16100
-900.39100	21960.54500
-965.30300	21957.71600
-1030.14500	21954.67600
-1095.05700	21951.42300
-1159.97000	21948.02900
-1224.81100	21944.42300
-1289.65300	21940.67500
-1354.49500	21936.64400
-1419.33600	21932.47200
-1484.10700	21928.08800
-1548.87800	21923.56300
-1613.72000	21918.82500
-1678.49100	21913.87600
-1743.26200	21908.78400
-1807.96200	21903.48100
-1872.73300	21897.96600
-1937.43300	21892.23800
-2002.13400	21886.36900
-2066.76300	21880.28800
-2131.46400	21873.99500
-2196.09300	21867.48900
-2260.72300	21860.84300
-2325.28200	21853.98400
-2389.84000	21846.98300
-2454.39900	21839.70000
-2518.95800	21832.27500
-2583.44600	21824.63900
-2647.93400	21816.86000
-2712.42200	21808.94100
-2776.84000	21800.66800
-2841.32800	21792.32400
-2905.67500	21783.69700
-2970.09200	21775.00000
-3034.36800	21766.02000
-3098.64400	21756.89800
-3162.99100	21747.56400
-3227.19600	21738.08900
-3291.47200	21728.40100
-3355.67800	21718.50200
-3419.81200	21708.39000
-3483.94700	21698.13700
-3548.08100	21687.60100
-3612.14500	21676.99500
-3676.20900	21666.10500
-3740.20200	21655.14500
-3804.19500	21643.90200
-3868.18900	21632.51800
-3932.11100	21620.92100
-3995.96300	21609.11300
-4059.81400	21597.16200
-4123.66600	21584.92900
-4187.37700	21572.55500
-4251.08700	21560.03900
-4314.86800	21547.31100
-4378.50700	21534.44200
-4442.14700	21521.29000
-4505.64500	21507.99600
-4569.21400	21494.49100
-4632.78300	21480.84300
-4696.28100	21466.98400
-4759.63800	21452.98300
-4822.99500	21438.70000
-4886.35200	21424.27500
-4949.63800	21409.63800
-5012.92400	21394.85900
-5076.13900	21379.86900
-5139.28400	21364.66600
-5202.42800	21349.32100
-5265.43200	21333.83600
-5328.50500	21318.13800
-5391.43800	21302.15700
-5454.44100	21286.10600
-5517.30300	21269.77200
-5580.16500	21253.29600
-5642.88500	21236.67900
-5705.67600	21219.85000
-5830.97600	21185.62600
-5893.55400	21168.16100
-5956.13300	21150.55400
-6018.57100	21132.80500
-6081.00800	21114.91600
-6143.44600	21096.74300
-6205.74200	21078.42900
-6267.96800	21059.90300
-6330.19300	21041.23500
-6392.34800	21022.35500
-6454.43200	21003.26300
-6516.51600	20984.03000
-6578.52900	20964.58500
-6640.40100	20944.99800
-6702.34300	20925.19900
-6764.14400	20905.25800
-6825.87500	20885.10600
-6887.53400	20864.74100
-6949.19400	20844.23500
-7010.78300	20823.51700
-7072.23100	20802.65700
-7133.74900	20781.58500
-7195.12600	20760.37200
-7256.43200	20738.94700
-7317.66800	20717.30900
-7378.90300	20695.53100
-7501.09100	20651.40700
-7562.04400	20629.06300
-7622.99600	20606.57700
-7683.87800	20583.87800
-7744.68900	20560.96800
-7805.35900	20537.91600
-7866.10000	20514.65300
-7926.69900	20491.24700
-7987.15600	20467.70100
-8047.68500	20443.94200
-8108.00100	20419.97100
-8168.31700	20395.85900
-8228.56200	20371.53400
-8288.80800	20347.06800
-8348.84100	20322.39000
-8408.87500	20297.57100
-8468.83700	20272.53900
-8528.72900	20247.29600
-8588.55100	20221.98100
-8648.23000	20196.38400
-8707.83900	20170.71600
-8767.44900	20144.76500
-8826.98700	20118.74400
-8886.38400	20092.43900
-8945.71000	20066.06400
-9004.96600	20039.47700
-9064.15100	20012.67800
-9123.33500	19985.73700
-9182.30800	19958.58400
-9241.28100	19931.29000
-9300.11200	19903.85400
-9358.87300	19876.20600
-9417.63300	19848.41700
-9476.18200	19820.41500
-9534.80100	19792.20200
-9593.20800	19763.91700
-9651.61500	19735.35000
-9709.88000	19706.64200
-9768.07500	19677.86200
-9826.12900	19648.80000
-9884.18200	19619.59700
-9942.09400	19590.25200
-9999.93600	19560.69500
-10057.77700	19530.99600
-10115.40600	19501.08600
-10173.03500	19471.03400
-10230.52300	19440.84000
-10287.94000	19410.43500
-10345.28700	19379.81700
-10402.42100	19349.12900
-10459.62600	19318.22800
-10516.68900	19287.18600
-10573.61100	19255.86100
-10630.46300	19224.46600
-10687.31400	19192.92900
-10743.95300	19161.18000
-10800.52200	19129.21800
-10857.02000	19097.18600
-10913.44700	19064.94200
-10969.73300	19032.55700
-11025.94800	18999.95900
-11082.02100	18967.22000
-11138.02400	18934.26900
-11193.95600	18901.24700
-11249.67600	18868.01300
-11305.46700	18834.56700
-11361.04600	18801.05000
-11416.55300	18767.32100
-11471.99100	18733.38000
-11527.28600	18699.29700
-11582.51100	18665.14400
-11637.59500	18630.70800
-11692.60800	18596.20100
-11747.55000	18561.48200
-11802.35100	18526.62200
-11857.08100	18491.54900
-11911.67000	18456.33600
-11966.11700	18420.98000
-12020.56400	18385.48300
-12074.79900	18349.77500
-12128.96300	18313.99500
-12183.05700	18278.00300
-12237.08000	18241.79900
-12290.89100	18205.52500
-12344.63100	18169.03800
-12398.30000	18132.33900
-12451.75800	18095.57000
-12505.21500	18058.65900
-12558.60200	18021.53600
-12611.77600	17984.20000
-12664.88000	17946.79400
-12717.84200	17909.24700
-12770.73400	17871.48700
-12823.48400	17833.58700
-12876.09300	17795.54400
-12928.70100	17757.36000
-12981.09800	17718.96500
-13033.42400	17680.49800
-13085.53800	17641.81900
-13137.65100	17602.99900
-13189.62400	17564.03700
-13241.52500	17524.86400
-13293.21500	17485.61900
-13344.83400	17446.16300
-13396.31100	17406.56500
-13447.78800	17366.82500
-13498.98300	17326.94500
-13550.17700	17286.92200
-13601.16000	17246.68800
-13652.07100	17206.38300
-13702.91200	17165.86600
-13753.61200	17125.20700
-13804.17000	17084.40700
-13854.58700	17043.46500
-13904.86200	17002.38300
-13954.99600	16961.15800
-14005.05900	16919.72200
-14055.05200	16878.21500
-14104.83200	16836.49500
-14154.54200	16794.70500
-14204.18000	16752.70300
-14253.53700	16710.56000
-14302.89300	16668.27500
-14352.10700	16625.84800
-14401.18000	16583.28000
-14450.11200	16540.57100
-14498.97300	16497.79100
-14547.62200	16454.79900
-14596.20000	16411.59500
-14644.63700	16368.39100
-14692.93300	16324.90400
-14741.15700	16281.34600
-14789.24100	16237.64700
-14837.11200	16193.73500
-14884.91200	16149.75300
-14932.57100	16105.63000
-14980.08900	16061.36500
-15027.46500	16016.95900
-15074.77000	15972.34000
-15121.93400	15927.72200
-15168.88600	15882.89100
-15215.83800	15837.91900
-15262.50700	15792.80600
-15309.17600	15747.55100
-15355.56200	15702.15500
-15401.94900	15656.61700
-15448.19300	15610.93800