顶点列表:
-15464.081,15595.147;-17104.662,17235.728;-15287.397,19052.992;-15683.140,19448.734;-15643.355,19480.792;-15589.332,19524.208;-15535.168,19567.342;-15480.932,19610.404;-15426.485,19653.255;-15371.967,19696.035;-15317.379,19738.603;-15262.649,19781.029;-15207.777,19823.314;-15152.835,19865.387;-15097.681,19907.389;-15042.526,19949.250;-14987.160,19990.899;-14931.723,20032.335;-14876.215,20073.701;-14820.565,20114.925;-14764.775,20156.008;-14708.843,20196.950;-14652.840,20237.679;-14596.695,20278.267;-14540.480,20318.643;-14484.124,20358.877;-14427.697,20399.041;-14371.058,20438.992;-14314.418,20478.802;-14257.638,20518.471;-14200.786,20557.928;-14143.723,20597.313;-14086.589,20636.487;-14029.384,20675.449;-13972.108,20714.340;-13914.620,20753.018;-13857.132,20791.556;-13799.433,20829.881;-13741.662,20868.135;-13683.821,20906.178;-13625.838,20944.079;-13567.714,20981.838;-13509.589,21019.456;-13451.253,21056.862;-13392.917,21094.127;-13334.368,21131.179;-13275.820,21168.090;-13217.130,21204.860;-13158.299,21241.488;-13099.397,21277.904;-13040.424,21314.249;-12981.310,21350.311;-12922.125,21386.303;-12862.870,21422.083;-12803.402,21457.650;-12743.934,21493.076;-12684.396,21528.432;-12624.645,21563.575;-12564.824,21598.506;-12505.003,21633.296;-12445.040,21667.944;-12384.936,21702.451;-12324.761,21736.745;-12264.516,21770.828;-12204.129,21804.769;-12143.742,21838.569;-12083.143,21872.156;-12022.473,21905.673;-11961.733,21938.978;-11900.922,21972.070;-11840.040,22005.092;-11779.016,22037.831;-11717.922,22070.500;-11656.687,22102.885;-11595.451,22135.129;-11534.075,22167.232;-11472.627,22199.264;-11411.109,22230.942;-11349.449,22262.621;-11287.789,22294.016;-11225.988,22325.270;-11164.046,22356.383;-11102.032,22387.284;-11040.019,22418.043;-10977.864,22448.519;-10915.639,22478.925;-10853.272,22509.189;-10790.905,22539.170;-10728.397,22569.151;-10665.818,22598.779;-10603.168,22628.336;-10540.448,22657.681;-10477.728,22686.885;-10414.795,22715.876;-10351.863,22744.726;-10288.718,22773.364;-10225.573,22801.860;-10162.429,22830.215;-10099.143,22858.287;-10035.786,22886.289;-9972.359,22914.078;-9908.790,22941.726;-9845.221,22969.091;-9781.510,22996.315;-9717.800,23023.397;-9653.948,23050.338;-9590.026,23077.066;-9526.103,23103.653;-9462.040,23129.958;-9397.905,23156.191;-9333.770,23182.142;-9269.494,23208.093;-9205.148,23233.690;-9140.801,23259.146;-9076.313,23284.461;-9011.754,23309.563;-8947.124,23334.594;-8882.495,23359.343;-8817.724,23383.951;-8752.882,23408.346;-8687.970,23432.529;-8623.057,23456.570;-8558.004,23480.471;-8493.020,23504.159;-8427.825,23527.635;-8362.630,23550.969;-8297.364,23574.092;-8231.957,23597.073;-8166.620,23619.841;-8101.142,23642.469;-8035.593,23664.884;-7970.044,23687.158;-7904.354,23709.149;-7838.593,23731.069;-7772.903,23752.777;-7707.001,23774.273;-7641.098,23795.628;-7575.125,23816.771;-7509.152,23837.772;-7443.108,23858.561;-7376.994,23879.137;-7310.809,23899.502;-7244.553,23919.796;-7178.297,23939.807;-7111.899,23959.677;-7045.573,23979.334;-6979.034,23998.780;-6912.566,24018.155;-6845.957,24037.246;-6779.347,24056.197;-6712.667,24074.935;-6645.987,24093.532;-6579.236,24111.917;-6512.344,24130.160;-6445.522,24148.192;-6311.596,24183.688;-6244.562,24201.083;-6177.529,24218.337;-6110.353,24235.449;-6043.249,24252.348;-5976.003,24269.107;-5908.757,24285.582;-5841.441,24301.987;-5774.124,24318.109;-5706.666,24334.090;-5639.279,24349.858;-5571.750,24365.485;-5504.292,24380.900;-5436.693,24396.174;-5369.093,24411.165;-5301.494,24426.014;-5233.753,24440.722;-5166.012,24455.147;-5098.271,24469.430;-5030.460,24483.502;-4962.648,24497.432;-4894.766,24511.149;-4826.813,24524.655;-4758.860,24538.020;-4690.837,24551.172;-4622.813,24564.182;-4554.718,24576.981;-4486.624,24589.497;-4418.459,24601.942;-4350.365,24614.175;-4282.058,24626.196;-4213.893,24638.075;-4145.587,24649.672;-4077.280,24661.127;-4008.973,24672.441;-3940.596,24683.542;-3872.219,24694.361;-3803.771,24705.109;-3735.323,24715.574;-3666.805,24725.969;-3598.286,24736.080;-3529.767,24746.050;-3461.249,24755.738;-3392.588,24765.284;-3390.000,24765.638;-3390.000,24270.000;-820.000,24270.000;-820.000,21963.753;-835.549,21963.161;-900.391,21960.545;-965.303,21957.716;-1030.145,21954.676;-1095.057,21951.423;-1159.970,21948.029;-1224.811,21944.423;-1289.653,21940.675;-1354.495,21936.644;-1419.336,21932.472;-1484.107,21928.088;-1548.878,21923.563;-1613.720,21918.825;-1678.491,21913.876;-1743.262,21908.784;-1807.962,21903.481;-1872.733,21897.966;-1937.433,21892.238;-2002.134,21886.369;-2066.763,21880.288;-2131.464,21873.995;-2196.093,21867.489;-2260.723,21860.843;-2325.282,21853.984;-2389.840,21846.983;-2454.399,21839.700;-2518.958,21832.275;-2583.446,21824.639;-2647.934,21816.860;-2712.422,21808.941;-2776.840,21800.668;-2841.328,21792.324;-2905.675,21783.697;-2970.092,21775.000;-3034.368,21766.020;-3098.644,21756.898;-3162.991,21747.564;-3227.196,21738.089;-3291.472,21728.401;-3355.678,21718.502;-3419.812,21708.390;-3483.947,21698.137;-3548.081,21687.601;-3612.145,21676.995;-3676.209,21666.105;-3740.202,21655.145;-3804.195,21643.902;-3868.189,21632.518;-3932.111,21620.921;-3995.963,21609.113;-4059.814,21597.162;-4123.666,21584.929;-4187.377,21572.555;-4251.087,21560.039;-4314.868,21547.311;-4378.507,21534.442;-4442.147,21521.290;-4505.645,21507.996;-4569.214,21494.491;-4632.783,21480.843;-4696.281,21466.984;-4759.638,21452.983;-4822.995,21438.700;-4886.352,21424.275;-4949.638,21409.638;-5012.924,21394.859;-5076.139,21379.869;-5139.284,21364.666;-5202.428,21349.321;-5265.432,21333.836;-5328.505,21318.138;-5391.438,21302.157;-5454.441,21286.106;-5517.303,21269.772;-5580.165,21253.296;-5642.885,21236.679;-5705.676,21219.850;-5830.976,21185.626;-5893.554,21168.161;-5956.133,21150.554;-6018.571,21132.805;-6081.008,21114.916;-6143.446,21096.743;-6205.742,21078.429;-6267.968,21059.903;-6330.193,21041.235;-6392.348,21022.355;-6454.432,21003.263;-6516.516,20984.030;-6578.529,20964.585;-6640.401,20944.998;-6702.343,20925.199;-6764.144,20905.258;-6825.875,20885.106;-6887.534,20864.741;-6949.194,20844.235;-7010.783,20823.517;-7072.231,20802.657;-7133.749,20781.585;-7195.126,20760.372;-7256.432,20738.947;-7317.668,20717.309;-7378.903,20695.531;-7501.091,20651.407;-7562.044,20629.063;-7622.996,20606.577;-7683.878,20583.878;-7744.689,20560.968;-7805.359,20537.916;-7866.100,20514.653;-7926.699,20491.247;-7987.156,20467.701;-8047.685,20443.942;-8108.001,20419.971;-8168.317,20395.859;-8228.562,20371.534;-8288.808,20347.068;-8348.841,20322.390;-8408.875,20297.571;-8468.837,20272.539;-8528.729,20247.296;-8588.551,20221.981;-8648.230,20196.384;-8707.839,20170.716;-8767.449,20144.765;-8826.987,20118.744;-8886.384,20092.439;-8945.710,20066.064;-9004.966,20039.477;-9064.151,20012.678;-9123.335,19985.737;-9182.308,19958.584;-9241.281,19931.290;-9300.112,19903.854;-9358.873,19876.206;-9417.633,19848.417;-9476.182,19820.415;-9534.801,19792.202;-9593.208,19763.917;-9651.615,19735.350;-9709.880,19706.642;-9768.075,19677.862;-9826.129,19648.800;-9884.182,19619.597;-9942.094,19590.252;-9999.936,19560.695;-10057.777,19530.996;-10115.406,19501.086;-10173.035,19471.034;-10230.523,19440.840;-10287.940,19410.435;-10345.287,19379.817;-10402.421,19349.129;-10459.626,19318.228;-10516.689,19287.186;-10573.611,19255.861;-10630.463,19224.466;-10687.314,19192.929;-10743.953,19161.180;-10800.522,19129.218;-10857.020,19097.186;-10913.447,19064.942;-10969.733,19032.557;-11025.948,18999.959;-11082.021,18967.220;-11138.024,18934.269;-11193.956,18901.247;-11249.676,18868.013;-11305.467,18834.567;-11361.046,18801.050;-11416.553,18767.321;-11471.991,18733.380;-11527.286,18699.297;-11582.511,18665.144;-11637.595,18630.708;-11692.608,18596.201;-11747.550,18561.482;-11802.351,18526.622;-11857.081,18491.549;-11911.670,18456.336;-11966.117,18420.980;-12020.564,18385.483;-12074.799,18349.775;-12128.963,18313.995;-12183.057,18278.003;-12237.080,18241.799;-12290.891,18205.525;-12344.631,18169.038;-12398.300,18132.339;-12451.758,18095.570;-12505.215,18058.659;-12558.602,18021.536;-12611.776,17984.200;-12664.880,17946.794;-12717.842,17909.247;-12770.734,17871.487;-12823.484,17833.587;-12876.093,17795.544;-12928.701,17757.360;-12981.098,17718.965;-13033.424,17680.498;-13085.538,17641.819;-13137.651,17602.999;-13189.624,17564.037;-13241.525,17524.864;-13293.215,17485.619;-13344.834,17446.163;-13396.311,17406.565;-13447.788,17366.825;-13498.983,17326.945;-13550.177,17286.922;-13601.160,17246.688;-13652.071,17206.383;-13702.912,17165.866;-13753.612,17125.207;-13804.170,17084.407;-13854.587,17043.465;-13904.862,17002.383;-13954.996,16961.158;-14005.059,16919.722;-14055.052,16878.215;-14104.832,16836.495;-14154.542,16794.705;-14204.180,16752.703;-14253.537,16710.560;-14302.893,16668.275;-14352.107,16625.848;-14401.180,16583.280;-14450.112,16540.571;-14498.973,16497.791;-14547.622,16454.799;-14596.200,16411.595;-14644.637,16368.391;-14692.933,16324.904;-14741.157,16281.346;-14789.241,16237.647;-14837.112,16193.735;-14884.912,16149.753;-14932.571,16105.630;-14980.089,16061.365;-15027.465,16016.959;-15074.770,15972.340;-15121.934,15927.722;-15168.886,15882.891;-15215.838,15837.919;-15262.507,15792.806;-15309.176,15747.551;-15355.562,15702.155;-15401.949,15656.617;-15448.193,15610.938
短控制列表:
0,0,0,0,0,0,0,0,0,0,0,0,0,0,0,0,0,0,0,0,0,0,0,0,0,0,0,0,0,0,0,0,0,0,0,0,0,0,0,0,0,0,0,0,0,0,0,0,0,0,0,0,0,0,0,0,0,0,0,0,0,0,0,0,0,0,0,0,0,0,0,0,0,0,0,0,0,0,0,0,0,0,0,0,0,0,0,0,0,0,0,0,0,0,0,0,0,0,0,0,0,0,0,0,0,0,0,0,0,0,0,0,0,0,0,0,0,0,0,0,0,0,0,0,0,0,0,0,0,0,0,0,0,0,0,0,0,0,0,0,0,0,0,0,0,0,0,0,0,0,0,0,0,0,0,0,0,0,0,0,0,0,0,0,0,0,0,0,0,0,0,0,0,0,0,0,0,0,0,0,0,0,0,0,0,0,0,0,0,0,0,0,0,0,0,0,0,0,0,0,0,0,0,0,0,0,0,0,0,0,0,0,0,0,0,0,0,0,0,0,0,0,0,0,0,0,0,0,0,0,0,0,0,0,0,0,0,0,0,0,0,0,0,0,0,0,0,0,0,0,50,50,0,50,0,0,0,0,0,0,0,0,0,0,0,0,0,0,0,0,0,0,0,0,0,0,0,0,0,0,0,0,0,0,0,0,0,0,0,0,0,0,0,0,0,0,0,0,0,0,0,0,0,0,0,0,0,0,0,0,0,0,0,0,0,0,0,0,0,0,0,0,0,0,0,0,0,0,0,0,0,0,0,0,0,0,0,0,0,0,0,0,0,0,0,0,0,0,0,0,0,0,0,0,0,0,0,0,0,0,0,0,0,0,0,0,0,0,0,0,0,0,0,0,0,0,0,0,0,0,0,0,0,0,0,0,0,0,0,0,0,0,0,0,0,0,0,0,0,0,0,0,0,0,0,0,0,0,0,0,0,0,0,0,0,0,0,0,0,0,0,0,0,0,0,0,0,0,0,0,0,0,0,0,0,0,0,0,0,0,0,0,0,0,0,0,0,0,0,50,0,50,50
短控制列表2:
0,0,0,0,0,0,0,0,0,0,0,0,0,0,0,0,0,0,0,0,0,0,0,0,0,0,0,0,0,0,0,0,0,0,0,0,0,0,0,0,0,0,0,0,0,0,0,0,0,0,0,0,0,0,0,0,0,0,0,0,0,0,0,0,0,0,0,0,0,0,0,0,0,0,0,0,0,0,0,0,0,0,0,0,0,0,0,0,0,0,0,0,0,0,0,0,0,0,0,0,0,0,0,0,0,0,0,0,0,0,0,0,0,0,0,0,0,0,0,0,0,0,0,0,0,0,0,0,0,0,0,0,0,0,0,0,0,0,0,0,0,0,0,0,0,0,0,0,0,0,0,0,0,0,0,0,0,0,0,0,0,0,0,0,0,0,0,0,0,0,0,0,0,0,0,0,0,0,0,0,0,0,0,0,0,0,0,0,0,0,0,0,0,0,0,0,0,0,0,0,0,0,0,0,0,0,0,0,0,0,0,0,0,0,0,0,0,0,0,0,0,0,0,0,0,0,0,0,0,0,0,0,0,0,0,0,0,0,0,0,0,0,0,0,0,0,0,0,0,0,45,45,0,45,0,0,0,0,0,0,0,0,0,0,0,0,0,0,0,0,0,0,0,0,0,0,0,0,0,0,0,0,0,0,0,0,0,0,0,0,0,0,0,0,0,0,0,0,0,0,0,0,0,0,0,0,0,0,0,0,0,0,0,0,0,0,0,0,0,0,0,0,0,0,0,0,0,0,0,0,0,0,0,0,0,0,0,0,0,0,0,0,0,0,0,0,0,0,0,0,0,0,0,0,0,0,0,0,0,0,0,0,0,0,0,0,0,0,0,0,0,0,0,0,0,0,0,0,0,0,0,0,0,0,0,0,0,0,0,0,0,0,0,0,0,0,0,0,0,0,0,0,0,0,0,0,0,0,0,0,0,0,0,0,0,0,0,0,0,0,0,0,0,0,0,0,0,0,0,0,0,0,0,0,0,0,0,0,0,0,0,0,0,0,0,0,0,0,0,45,0,45,45
短控制列表3:
0,0,0,0,0,0,0,0,0,0,0,0,0,0,0,0,0,0,0,0,0,0,0,0,0,0,0,0,0,0,0,0,0,0,0,0,0,0,0,0,0,0,0,0,0,0,0,0,0,0,0,0,0,0,0,0,0,0,0,0,0,0,0,0,0,0,0,0,0,0,0,0,0,0,0,0,0,0,0,0,0,0,0,0,0,0,0,0,0,0,0,0,0,0,0,0,0,0,0,0,0,0,0,0,0,0,0,0,0,0,0,0,0,0,0,0,0,0,0,0,0,0,0,0,0,0,0,0,0,0,0,0,0,0,0,0,0,0,0,0,0,0,0,0,0,0,0,0,0,0,0,0,0,0,0,0,0,0,0,0,0,0,0,0,0,0,0,0,0,0,0,0,0,0,0,0,0,0,0,0,0,0,0,0,0,0,0,0,0,0,0,0,0,0,0,0,0,0,0,0,0,0,0,0,0,0,0,0,0,0,0,0,0,0,0,0,0,0,0,0,0,0,0,0,0,0,0,0,0,0,0,0,0,0,0,0,0,0,0,0,0,0,0,0,0,0,0,0,0,0,10,10,0,10,0,0,0,0,0,0,0,0,0,0,0,0,0,0,0,0,0,0,0,0,0,0,0,0,0,0,0,0,0,0,0,0,0,0,0,0,0,0,0,0,0,0,0,0,0,0,0,0,0,0,0,0,0,0,0,0,0,0,0,0,0,0,0,0,0,0,0,0,0,0,0,0,0,0,0,0,0,0,0,0,0,0,0,0,0,0,0,0,0,0,0,0,0,0,0,0,0,0,0,0,0,0,0,0,0,0,0,0,0,0,0,0,0,0,0,0,0,0,0,0,0,0,0,0,0,0,0,0,0,0,0,0,0,0,0,0,0,0,0,0,0,0,0,0,0,0,0,0,0,0,0,0,0,0,0,0,0,0,0,0,0,0,0,0,0,0,0,0,0,0,0,0,0,0,0,0,0,0,0,0,0,0,0,0,0,0,0,0,0,0,0,0,0,0,0,10,0,10,10
短控制列表4:
0,0,0,0,0,0,0,0,0,0,0,0,0,0,0,0,0,0,0,0,0,0,0,0,0,0,0,0,0,0,0,0,0,0,0,0,0,0,0,0,0,0,0,0,0,0,0,0,0,0,0,0,0,0,0,0,0,0,0,0,0,0,0,0,0,0,0,0,0,0,0,0,0,0,0,0,0,0,0,0,0,0,0,0,0,0,0,0,0,0,0,0,0,0,0,0,0,0,0,0,0,0,0,0,0,0,0,0,0,0,0,0,0,0,0,0,0,0,0,0,0,0,0,0,0,0,0,0,0,0,0,0,0,0,0,0,0,0,0,0,0,0,0,0,0,0,0,0,0,0,0,0,0,0,0,0,0,0,0,0,0,0,0,0,0,0,0,0,0,0,0,0,0,0,0,0,0,0,0,0,0,0,0,0,0,0,0,0,0,0,0,0,0,0,0,0,0,0,0,0,0,0,0,0,0,0,0,0,0,0,0,0,0,0,0,0,0,0,0,0,0,0,0,0,0,0,0,0,0,0,0,0,0,0,0,0,0,0,0,0,0,0,0,0,0,0,0,0,0,0,65,65,0,65,0,0,0,0,0,0,0,0,0,0,0,0,0,0,0,0,0,0,0,0,0,0,0,0,0,0,0,0,0,0,0,0,0,0,0,0,0,0,0,0,0,0,0,0,0,0,0,0,0,0,0,0,0,0,0,0,0,0,0,0,0,0,0,0,0,0,0,0,0,0,0,0,0,0,0,0,0,0,0,0,0,0,0,0,0,0,0,0,0,0,0,0,0,0,0,0,0,0,0,0,0,0,0,0,0,0,0,0,0,0,0,0,0,0,0,0,0,0,0,0,0,0,0,0,0,0,0,0,0,0,0,0,0,0,0,0,0,0,0,0,0,0,0,0,0,0,0,0,0,0,0,0,0,0,0,0,0,0,0,0,0,0,0,0,0,0,0,0,0,0,0,0,0,0,0,0,0,0,0,0,0,0,0,0,0,0,0,0,0,0,0,0,0,0,0,65,0,65,65
加长控制列表:
0,0,0,0,0,0,0,0,0,0,0,0,0,0,0,0,0,0,0,0,0,0,0,0,0,0,0,0,0,0,0,0,0,0,0,0,0,0,0,0,0,0,0,0,0,0,0,0,0,0,0,0,0,0,0,0,0,0,0,0,0,0,0,0,0,0,0,0,0,0,0,0,0,0,0,0,0,0,0,0,0,0,0,0,0,0,0,0,0,0,0,0,0,0,0,0,0,0,0,0,0,0,0,0,0,0,0,0,0,0,0,0,0,0,0,0,0,0,0,0,0,0,0,0,0,0,0,0,0,0,0,0,0,0,0,0,0,0,0,0,0,0,0,0,0,0,0,0,0,0,0,0,0,0,0,0,0,0,0,0,0,0,0,0,0,0,0,0,0,0,0,0,0,0,0,0,0,0,0,0,0,0,0,0,0,0,0,0,0,0,0,0,0,0,0,0,0,0,0,0,0,0,0,0,0,0,0,0,0,0,0,0,0,0,0,0,0,0,0,0,0,0,0,0,0,0,0,0,0,0,0,0,0,0,0,0,0,0,0,0,0,0,0,0,0,0,0,0,0,0,0,0,0,0,0,0,0,0,0,0,0,0,0,0,0,0,0,0,0,0,0,0,0,0,0,0,0,0,0,0,0,0,0,0,0,0,0,0,0,0,0,0,0,0,0,0,0,0,0,0,0,0,0,0,0,0,0,0,0,0,0,0,0,0,0,0,0,0,0,0,0,0,0,0,0,0,0,0,0,0,0,0,0,0,0,0,0,0,0,0,0,0,0,0,0,0,0,0,0,0,0,0,0,0,0,0,0,0,0,0,0,0,0,0,0,0,0,0,0,0,0,0,0,0,0,0,0,0,0,0,0,0,0,0,0,0,0,0,0,0,0,0,0,0,0,0,0,0,0,0,0,0,0,0,0,0,0,0,0,0,0,0,0,0,0,0,0,0,0,0,0,0,0,0,0,0,0,0,0,0,0,0,0,0,0,0,0,0,0,0,0,0,0,0,0,0,0,0,0,0,0,0,0,0,0,0,0,0,0,0,0,0,0,0,0,0,0,0,0,0,0,0,0,0,0,0,0,0,0,0,0,0,0,0,0,0,0,0,0,0,0,0,0,0,0,0,0,0,0,0,0,0,0,0,0,0,0,0,0,0,0,0,0,0,0,0,0,0,0,0,0,0,0,0,0,0,0,0,0,0,0,0,0,0,0,0,0,0,0,0,0,0,0,0,0,0,0,0,0,0,0,0,0,0,0,0,0,0,0,0,0,0,0,0,0,0,0,0,0,0,0,0,0,0,0,0,0,0,0,0,0,0,0,0,0,0,0,0,0,0,0,0,0,0,0,0,0,0,0,0,0,0,0,0,0,0,0,0,0,0,0,0,0,0,0,0,0,0,0,0,0,0,0,0,0,0,0,0,0,0,0,0,0,0,0,0,0,0,0,0,0,0,0,0,0,0,0,0,0,0,0,0,0,0,0,0,0,0,0,0,0,0,0,0,0,0,0,0,0,0,0,0,0,0,0,0,0,0,0,0,0,0,0,0,0,0,0,0,0,0,0,0,0,0,0,0,0,0,0,0,0,0,0,65,65,0,65,0,0,0,0,0,0,0,0,0,0,0,0,0,0,0,0,0,0,0,0,0,0,0,0,0,0,0,0,0,0,0,0,0,0,0,0,0,0,0,0,0,0,0,0,0,0,0,0,0,0,0,0,0,0,0,0,0,0,0,0,0,0,0,0,0,0,0,0,0,0,0,0,0,0,0,0,0,0,0,0,0,0,0,0,0,0,0,0,0,0,0,0,0,0,0,0,0,0,0,0,0,0,0,0,0,0,0,0,0,0,0,0,0,0,0,0,0,0,0,0,0,0,0,0,0,0,0,0,0,0,0,0,0,0,0,0,0,0,0,0,0,0,0,0,0,0,0,0,0,0,0,0,0,0,0,0,0,0,0,0,0,0,0,0,0,0,0,0,0,0,0,0,0,0,0,0,0,0,0,0,0,0,0,0,0,0,0,0,0,0,0,0,0,0,0,65,0,65,65
