顶点列表:
4338.547,4660.029;4335.900,4662.500;4310.200,4686.100;4284.401,4709.600;4258.400,4733.000;4232.300,4756.200;4206.100,4779.200;4179.800,4802.100;4153.299,4824.900;4126.700,4847.500;4100.000,4870.000;4073.200,4892.300;4046.200,4914.500;4019.200,4936.501;3992.000,4958.400;3964.599,4980.100;3937.200,5001.700;3909.700,5023.200;3881.999,5044.400;3854.200,5065.600;3826.300,5086.501;3798.300,5107.400;3770.100,5128.000;3741.900,5148.500;3713.500,5168.900;3685.100,5189.100;3656.500,5209.100;3627.800,5229.000;3599.000,5248.700;3570.100,5268.300;3541.100,5287.700;3512.000,5307.000;3453.400,5345.000;3424.000,5363.701;3394.400,5382.300;3364.800,5400.800;3335.100,5419.100;3305.200,5437.200;3275.300,5455.100;3245.200,5472.900;3215.100,5490.500;3184.900,5508.000;3154.599,5525.300;3124.100,5542.400;3093.600,5559.300;3063.000,5576.101;3032.300,5592.700;3001.500,5609.200;2970.700,5625.500;2939.701,5641.600;2908.600,5657.501;2877.500,5673.300;2846.300,5688.900;2814.900,5704.300;2783.500,5719.500;2752.099,5734.600;2720.500,5749.500;2688.800,5764.301;2657.100,5778.800;2625.300,5793.200;2593.400,5807.400;2561.500,5821.400;2529.400,5835.300;2497.301,5849.000;2465.100,5862.500;2432.899,5875.800;2400.500,5888.900;2368.099,5901.900;2335.599,5914.700;2303.100,5927.300;2270.500,5939.700;2237.799,5952.000;2205.000,5964.100;2172.200,5976.000;2139.300,5987.700;2106.400,5999.200;2073.401,6010.600;2040.300,6021.700;2007.200,6032.700;1974.000,6043.500;1940.700,6054.100;1907.400,6064.600;1874.100,6074.800;1840.600,6084.900;1807.200,6094.800;1773.600,6104.500;1740.000,6114.000;1706.400,6123.400;1672.700,6132.500;1639.000,6141.500;1605.200,6150.300;1571.400,6158.800;1537.500,6167.300;1503.600,6175.500;1469.600,6183.500;1435.600,6191.400;1401.500,6198.999;1367.400,6206.500;1333.300,6213.800;1299.100,6220.900;1264.900,6227.800;1230.600,6234.500;1196.399,6241.000;1162.000,6247.399;1127.700,6253.500;1093.300,6259.500;1058.900,6265.300;1024.400,6270.899;989.900,6276.300;955.400,6281.500;920.900,6286.500;886.300,6291.300;851.700,6296.000;817.100,6300.400;782.400,6304.700;747.701,6308.700;713.100,6312.600;678.299,6316.300;643.600,6319.800;608.900,6323.100;574.100,6326.200;539.300,6329.101;504.500,6331.900;469.700,6334.400;434.900,6336.800;400.000,6338.900;365.200,6340.900;330.300,6342.700;295.500,6344.300;260.600,6345.600;225.700,6346.800;190.800,6347.800;155.900,6348.700;121.000,6349.300;100.001,6349.541;100.000,9279.689;130.500,9279.400;172.700,9278.800;214.900,9278.100;257.000,9277.100;299.200,9276.000;341.400,9274.600;383.500,9273.100;425.700,9271.400;467.799,9269.400;510.000,9267.300;552.100,9265.000;594.200,9262.500;636.299,9259.900;678.400,9257.000;720.500,9253.900;762.600,9250.700;804.600,9247.200;846.700,9243.600;888.701,9239.700;930.701,9235.700;972.600,9231.500;1014.600,9227.100;1056.500,9222.500;1098.500,9217.700;1140.400,9212.701;1182.200,9207.599;1224.100,9202.200;1265.900,9196.700;1307.700,9190.900;1349.500,9185.000;1391.200,9178.900;1432.900,9172.600;1474.600,9166.099;1516.300,9159.400;1557.900,9152.500;1599.501,9145.500;1641.100,9138.200;1682.600,9130.800;1724.100,9123.100;1765.601,9115.300;1807.000,9107.300;1848.400,9099.100;1889.700,9090.701;1931.000,9082.200;1972.300,9073.400;2013.500,9064.500;2054.701,9055.300;2095.899,9046.000;2137.000,9036.500;2177.999,9026.800;2219.100,9016.900;2260.000,9006.800;2301.000,8996.600;2341.800,8986.200;2382.700,8975.500;2423.500,8964.700;2464.200,8953.700;2504.900,8942.499;2545.501,8931.200;2586.100,8919.600;2626.600,8907.899;2667.100,8896.000;2707.500,8883.900;2747.901,8871.600;2788.200,8859.100;2828.400,8846.400;2868.600,8833.600;2908.700,8820.600;2948.800,8807.400;2988.800,8794.000;3028.800,8780.400;3068.700,8766.700;3108.500,8752.800;3187.900,8724.399;3227.600,8709.900;3267.100,8695.200;3306.600,8680.400;3346.100,8665.400;3385.401,8650.200;3424.700,8634.801;3463.900,8619.300;3503.100,8603.600;3542.200,8587.700;3581.201,8571.600;3620.100,8555.300;3659.000,8538.900;3697.800,8522.300;3736.500,8505.500;3775.100,8488.500;3813.700,8471.400;3852.100,8454.100;3890.500,8436.600;3928.800,8418.900;3967.100,8401.100;4005.200,8383.099;4043.300,8364.900;4081.300,8346.600;4119.200,8328.000;4157.000,8309.300;4194.800,8290.500;4232.400,8271.400;4270.000,8252.200;4307.400,8232.800;4344.800,8213.300;4382.100,8193.499;4419.300,8173.600;4456.400,8153.600;4493.500,8133.400;4530.400,8113.000;4567.200,8092.399;4604.000,8071.700;4640.600,8050.800;4677.200,8029.700;4713.600,8008.400;4750.000,7986.999;4786.300,7965.501;4822.400,7943.800;4858.500,7921.900;4894.500,7899.800;4930.300,7877.599;4966.100,7855.200;5001.800,7832.700;5072.800,7787.100;5108.100,7764.100;5143.400,7740.900;5178.500,7717.500;5213.500,7694.000;5248.500,7670.300;5283.301,7646.500;5318.000,7622.500;5352.600,7598.400;5387.100,7574.100;5421.500,7549.600;5455.700,7525.000;5489.900,7500.200;5523.900,7475.300;5557.900,7450.200;5591.700,7425.000;5625.400,7399.600;5659.000,7374.101;5692.400,7348.399;5725.800,7322.500;5759.000,7296.600;5792.100,7270.401;5825.100,7244.100;5857.999,7217.700;5890.800,7191.101;5923.401,7164.300;5955.901,7137.400;5988.300,7110.400;6020.600,7083.200;6052.700,7055.900;6084.700,7028.400;6116.600,7000.800;6148.400,6973.000;6180.000,6945.100;6211.500,6917.100;6242.900,6888.900;6274.200,6860.500;6305.300,6832.000;6336.300,6803.400;6367.100,6774.601;6397.900,6745.700;6411.412,6732.894
短控制列表:
50,0,0,0,0,0,0,0,0,0,0,0,0,0,0,0,0,0,0,0,0,0,0,0,0,0,0,0,0,0,0,0,0,0,0,0,0,0,0,0,0,0,0,0,0,0,0,0,0,0,0,0,0,0,0,0,0,0,0,0,0,0,0,0,0,0,0,0,0,0,0,0,0,0,0,0,0,0,0,0,0,0,0,0,0,0,0,0,0,0,0,0,0,0,0,0,0,0,0,0,0,0,0,0,0,0,0,0,0,0,0,0,0,0,0,0,0,0,0,0,0,0,0,0,0,0,0,0,0,0,0,0,0,0,0,0,0,0,0,0,0,0,0,0,0,0,0,0,0,0,0,0,0,0,0,0,0,0,0,0,0,0,0,0,50,50,0,0,0,0,0,0,0,0,0,0,0,0,0,0,0,0,0,0,0,0,0,0,0,0,0,0,0,0,0,0,0,0,0,0,0,0,0,0,0,0,0,0,0,0,0,0,0,0,0,0,0,0,0,0,0,0,0,0,0,0,0,0,0,0,0,0,0,0,0,0,0,0,0,0,0,0,0,0,0,0,0,0,0,0,0,0,0,0,0,0,0,0,0,0,0,0,0,0,0,0,0,0,0,0,0,0,0,0,0,0,0,0,0,0,0,0,0,0,0,0,0,0,0,0,0,0,0,0,0,0,0,0,0,50
短控制列表2:
45,0,0,0,0,0,0,0,0,0,0,0,0,0,0,0,0,0,0,0,0,0,0,0,0,0,0,0,0,0,0,0,0,0,0,0,0,0,0,0,0,0,0,0,0,0,0,0,0,0,0,0,0,0,0,0,0,0,0,0,0,0,0,0,0,0,0,0,0,0,0,0,0,0,0,0,0,0,0,0,0,0,0,0,0,0,0,0,0,0,0,0,0,0,0,0,0,0,0,0,0,0,0,0,0,0,0,0,0,0,0,0,0,0,0,0,0,0,0,0,0,0,0,0,0,0,0,0,0,0,0,0,0,0,0,0,0,0,0,0,0,0,0,0,0,0,0,0,0,0,0,0,0,0,0,0,0,0,0,0,0,0,0,0,45,45,0,0,0,0,0,0,0,0,0,0,0,0,0,0,0,0,0,0,0,0,0,0,0,0,0,0,0,0,0,0,0,0,0,0,0,0,0,0,0,0,0,0,0,0,0,0,0,0,0,0,0,0,0,0,0,0,0,0,0,0,0,0,0,0,0,0,0,0,0,0,0,0,0,0,0,0,0,0,0,0,0,0,0,0,0,0,0,0,0,0,0,0,0,0,0,0,0,0,0,0,0,0,0,0,0,0,0,0,0,0,0,0,0,0,0,0,0,0,0,0,0,0,0,0,0,0,0,0,0,0,0,0,0,45
短控制列表3:
10,0,0,0,0,0,0,0,0,0,0,0,0,0,0,0,0,0,0,0,0,0,0,0,0,0,0,0,0,0,0,0,0,0,0,0,0,0,0,0,0,0,0,0,0,0,0,0,0,0,0,0,0,0,0,0,0,0,0,0,0,0,0,0,0,0,0,0,0,0,0,0,0,0,0,0,0,0,0,0,0,0,0,0,0,0,0,0,0,0,0,0,0,0,0,0,0,0,0,0,0,0,0,0,0,0,0,0,0,0,0,0,0,0,0,0,0,0,0,0,0,0,0,0,0,0,0,0,0,0,0,0,0,0,0,0,0,0,0,0,0,0,0,0,0,0,0,0,0,0,0,0,0,0,0,0,0,0,0,0,0,0,0,0,10,10,0,0,0,0,0,0,0,0,0,0,0,0,0,0,0,0,0,0,0,0,0,0,0,0,0,0,0,0,0,0,0,0,0,0,0,0,0,0,0,0,0,0,0,0,0,0,0,0,0,0,0,0,0,0,0,0,0,0,0,0,0,0,0,0,0,0,0,0,0,0,0,0,0,0,0,0,0,0,0,0,0,0,0,0,0,0,0,0,0,0,0,0,0,0,0,0,0,0,0,0,0,0,0,0,0,0,0,0,0,0,0,0,0,0,0,0,0,0,0,0,0,0,0,0,0,0,0,0,0,0,0,0,0,10
短控制列表4:
65,0,0,0,0,0,0,0,0,0,0,0,0,0,0,0,0,0,0,0,0,0,0,0,0,0,0,0,0,0,0,0,0,0,0,0,0,0,0,0,0,0,0,0,0,0,0,0,0,0,0,0,0,0,0,0,0,0,0,0,0,0,0,0,0,0,0,0,0,0,0,0,0,0,0,0,0,0,0,0,0,0,0,0,0,0,0,0,0,0,0,0,0,0,0,0,0,0,0,0,0,0,0,0,0,0,0,0,0,0,0,0,0,0,0,0,0,0,0,0,0,0,0,0,0,0,0,0,0,0,0,0,0,0,0,0,0,0,0,0,0,0,0,0,0,0,0,0,0,0,0,0,0,0,0,0,0,0,0,0,0,0,0,0,65,65,0,0,0,0,0,0,0,0,0,0,0,0,0,0,0,0,0,0,0,0,0,0,0,0,0,0,0,0,0,0,0,0,0,0,0,0,0,0,0,0,0,0,0,0,0,0,0,0,0,0,0,0,0,0,0,0,0,0,0,0,0,0,0,0,0,0,0,0,0,0,0,0,0,0,0,0,0,0,0,0,0,0,0,0,0,0,0,0,0,0,0,0,0,0,0,0,0,0,0,0,0,0,0,0,0,0,0,0,0,0,0,0,0,0,0,0,0,0,0,0,0,0,0,0,0,0,0,0,0,0,0,0,0,65
加长控制列表:
0,0,0,0,0,0,0,0,0,0,0,0,0,0,0,0,0,0,0,0,0,0,0,0,0,0,0,0,0,0,0,0,0,0,0,0,0,0,0,0,0,0,0,0,0,0,0,0,0,0,0,0,0,0,0,0,0,0,0,0,0,0,0,0,0,0,0,0,0,0,0,0,0,0,0,0,0,0,0,0,0,0,0,0,0,0,0,0,0,0,0,0,0,0,0,0,0,0,0,0,0,0,0,0,0,0,0,0,0,0,0,0,0,0,0,0,0,0,0,0,0,0,0,0,0,0,0,0,0,0,0,0,0,0,0,0,0,0,0,0,0,0,0,0,0,0,0,0,0,0,0,0,0,0,0,0,0,0,0,0,0,0,0,0,0,0,0,0,0,0,0,0,0,0,0,0,0,0,0,0,0,0,0,0,0,0,0,0,0,0,0,0,0,0,0,0,0,0,0,0,0,0,0,0,0,0,0,0,0,0,0,0,0,0,0,0,0,0,0,0,0,0,0,0,0,0,0,0,0,0,0,0,0,0,0,0,0,0,0,0,0,0,0,0,0,0,0,0,0,0,0,0,0,0,0,0,0,0,0,0,0,0,0,0,0,0,0,0,0,0,0,0,0,0,0,0,0,0,0,0,0,0,0,0,0,0,0,0,0,0,0,0,0,0,0,0,0,0,0,0,65,0,0,0,0,0,0,0,0,0,0,0,0,0,0,0,0,0,0,0,0,0,0,0,0,0,0,0,0,0,0,0,0,0,0,0,0,0,0,0,0,0,0,0,0,0,0,0,0,0,0,0,0,0,0,0,0,0,0,0,0,0,0,0,0,0,0,0,0,0,0,0,0,0,0,0,0,0,0,0,0,0,0,0,0,0,0,0,0,0,0,0,0,0,0,0,0,0,0,0,0,0,0,0,0,0,0,0,0,0,0,0,0,0,0,0,0,0,0,0,0,0,0,0,0,0,0,0,0,0,0,0,0,0,0,0,0,0,0,0,0,0,0,0,0,0,0,0,0,0,0,0,0,0,0,0,0,0,0,0,0,0,0,0,65,65,0,0,0,0,0,0,0,0,0,0,0,0,0,0,0,0,0,0,0,0,0,0,0,0,0,0,0,0,0,0,0,0,0,0,0,0,0,0,0,0,0,0,0,0,0,0,0,0,0,0,0,0,0,0,0,0,0,0,0,0,0,0,0,0,0,0,0,0,0,0,0,0,0,0,0,0,0,0,0,0,0,0,0,0,0,0,0,0,0,0,0,0,0,0,0,0,0,0,0,0,0,0,0,0,0,0,0,0,0,0,0,0,0,0,0,0,0,0,0,0,0,0,0,0,0,0,0,0,0,0,0,0,0,65
