顶点列表:
6465.330,6956.519;6439.900,6980.000;6408.399,7008.800;6376.800,7037.400;6345.100,7065.900;6313.300,7094.300;6281.300,7122.500;6249.200,7150.500;6217.000,7178.500;6184.600,7206.200;6152.100,7233.900;6119.500,7261.400;6086.800,7288.700;6054.000,7315.900;6021.000,7342.900;5987.900,7369.801;5954.700,7396.600;5921.399,7423.200;5887.900,7449.600;5854.400,7475.900;5820.700,7502.000;5786.900,7528.000;5753.001,7553.900;5684.800,7605.100;5650.500,7630.500;5616.200,7655.700;5581.700,7680.800;5547.100,7705.700;5512.400,7730.400;5477.500,7755.000;5442.600,7779.500;5407.600,7803.800;5372.400,7827.900;5337.100,7851.900;5301.800,7875.700;5266.300,7899.300;5230.700,7922.800;5195.000,7946.200;5159.201,7969.300;5123.300,7992.300;5087.400,8015.200;5051.300,8037.900;5015.000,8060.400;4978.700,8082.800;4942.300,8105.000;4905.800,8127.000;4869.200,8148.900;4832.500,8170.600;4795.700,8192.100;4758.801,8213.500;4721.900,8234.700;4684.800,8255.700;4647.600,8276.600;4610.300,8297.300;4573.000,8317.900;4535.500,8338.200;4498.000,8358.400;4460.300,8378.500;4422.600,8398.300;4384.800,8418.000;4346.900,8437.500;4308.900,8456.900;4270.800,8476.100;4232.600,8495.100;4194.400,8513.899;4156.000,8532.600;4117.600,8551.100;4079.100,8569.400;4040.500,8587.600;4001.900,8605.499;3963.100,8623.300;3924.299,8640.900;3885.400,8658.399;3846.400,8675.700;3807.400,8692.800;3768.200,8709.700;3729.000,8726.400;3689.700,8743.000;3650.400,8759.400;3610.900,8775.600;3571.400,8791.700;3531.900,8807.500;3492.200,8823.200;3452.500,8838.700;3412.700,8854.000;3372.900,8869.200;3332.900,8884.201;3252.900,8913.600;3212.800,8928.000;3172.600,8942.200;3132.299,8956.300;3092.000,8970.200;3051.600,8983.900;3011.200,8997.400;2970.700,9010.701;2930.100,9023.900;2889.500,9036.900;2848.900,9049.700;2808.100,9062.300;2767.300,9074.700;2726.500,9086.901;2685.600,9099.000;2644.600,9110.900;2603.600,9122.600;2562.600,9134.100;2521.500,9145.399;2480.300,9156.500;2439.100,9167.500;2397.900,9178.200;2356.600,9188.800;2315.200,9199.200;2273.800,9209.400;2232.400,9219.400;2190.900,9229.300;2149.300,9238.900;2107.800,9248.399;2066.100,9257.700;2024.500,9266.800;1982.800,9275.700;1941.100,9284.400;1899.300,9292.900;1857.500,9301.200;1815.600,9309.399;1773.701,9317.300;1731.799,9325.100;1689.800,9332.700;1647.901,9340.100;1605.800,9347.300;1563.800,9354.300;1521.700,9361.100;1479.600,9367.799;1437.400,9374.200;1395.200,9380.500;1353.000,9386.500;1310.800,9392.400;1268.600,9398.100;1226.300,9403.600;1184.000,9408.900;1141.600,9414.000;1099.300,9418.900;1056.900,9423.700;1014.500,9428.200;972.100,9432.600;929.700,9436.700;887.199,9440.700;844.699,9444.500;802.301,9448.100;759.800,9451.500;717.200,9454.700;674.700,9457.700;632.200,9460.500;589.600,9463.199;547.000,9465.600;504.500,9467.900;461.899,9469.900;419.300,9471.800;376.700,9473.501;334.100,9475.000;291.400,9476.300;248.800,9477.400;206.200,9478.300;163.600,9479.000;120.900,9479.500;100.000,9479.696;100.000,12399.784;146.900,12399.400;195.600,12398.800;244.400,12398.100;293.100,12397.100;341.900,12396.000;390.600,12394.600;439.300,12393.100;488.100,12391.400;536.800,12389.400;585.500,12387.300;634.200,12385.000;682.900,12382.500;731.600,12379.900;780.200,12377.001;828.901,12373.900;877.600,12370.700;926.201,12367.200;974.800,12363.599;1023.400,12359.800;1072.000,12355.700;1120.600,12351.500;1169.100,12347.100;1217.700,12342.500;1266.200,12337.700;1314.700,12332.800;1363.200,12327.600;1411.600,12322.200;1460.100,12316.700;1508.499,12311.000;1556.900,12305.000;1605.300,12298.900;1653.600,12292.600;1701.900,12286.100;1750.201,12279.400;1798.500,12272.500;1846.700,12265.500;1894.900,12258.200;1943.100,12250.800;1991.300,12243.100;2039.399,12235.300;2087.500,12227.300;2135.499,12219.100;2183.600,12210.700;2231.600,12202.100;2279.500,12193.300;2327.499,12184.400;2375.301,12175.200;2423.200,12165.900;2471.000,12156.400;2518.800,12146.700;2566.499,12136.800;2614.200,12126.700;2661.899,12116.400;2709.500,12105.900;2757.100,12095.300;2804.600,12084.500;2852.101,12073.400;2899.600,12062.200;2947.000,12050.799;2994.300,12039.200;3041.700,12027.500;3088.900,12015.500;3136.099,12003.400;3183.300,11991.100;3230.400,11978.501;3277.500,11965.800;3324.500,11953.000;3371.500,11939.900;3418.400,11926.700;3465.300,11913.200;3512.100,11899.600;3558.900,11885.800;3605.600,11871.800;3652.200,11857.600;3698.800,11843.300;3745.400,11828.700;3791.800,11814.000;3838.300,11799.100;3884.600,11784.000;3930.900,11768.800;3977.200,11753.301;4023.400,11737.700;4069.499,11721.900;4115.500,11705.900;4161.500,11689.700;4207.500,11673.400;4253.300,11656.800;4299.100,11640.101;4344.900,11623.200;4390.500,11606.100;4436.100,11588.900;4481.700,11571.500;4527.100,11553.800;4572.500,11536.000;4617.800,11518.101;4663.100,11499.900;4708.300,11481.600;4753.400,11463.100;4798.400,11444.400;4843.400,11425.600;4888.300,11406.500;4933.100,11387.300;4977.800,11367.900;5022.501,11348.400;5067.100,11328.600;5111.600,11308.700;5156.000,11288.601;5200.300,11268.400;5244.600,11247.900;5288.800,11227.300;5332.900,11206.500;5376.900,11185.600;5420.800,11164.500;5464.700,11143.200;5508.501,11121.700;5552.200,11100.000;5595.800,11078.200;5639.301,11056.200;5682.700,11034.100;5726.000,11011.700;5769.300,10989.200;5812.500,10966.600;5855.501,10943.700;5898.500,10920.700;5941.400,10897.500;5984.200,10874.200;6026.900,10850.700;6069.500,10827.000;6112.100,10803.100;6154.500,10779.100;6196.800,10754.900;6239.100,10730.600;6281.200,10706.099;6323.300,10681.400;6365.200,10656.500;6407.100,10631.500;6448.800,10606.400;6490.500,10581.000;6532.000,10555.500;6573.500,10529.800;6614.800,10504.000;6656.100,10478.000;6697.199,10451.900;6738.299,10425.600;6779.200,10399.101;6820.000,10372.400;6860.800,10345.599;6901.400,10318.700;6941.900,10291.600;6982.300,10264.300;7022.600,10236.900;7062.800,10209.300;7102.900,10181.500;7142.900,10153.600;7182.800,10125.500;7222.500,10097.300;7262.200,10068.900;7301.700,10040.400;7341.100,10011.700;7380.400,9982.900;7419.600,9953.900;7458.700,9924.700;7497.700,9895.400;7536.500,9866.000;7575.300,9836.400;7613.900,9806.600;7652.400,9776.700;7690.800,9746.600;7729.000,9716.400;7767.200,9686.000;7805.200,9655.500;7843.100,9624.800;7880.900,9594.000;7918.500,9563.099;7956.100,9532.000;7993.500,9500.700;8030.800,9469.300;8068.000,9437.700;8105.000,9406.000;8141.900,9374.199;8178.701,9342.200;8215.400,9310.100;8251.900,9277.800;8288.400,9245.400;8324.600,9212.800;8360.800,9180.100;8396.800,9147.299;8432.700,9114.300;8468.500,9081.200;8504.101,9047.900;8531.244,9022.433
短控制列表:
50,0,0,0,0,0,0,0,0,0,0,0,0,0,0,0,0,0,0,0,0,0,0,0,0,0,0,0,0,0,0,0,0,0,0,0,0,0,0,0,0,0,0,0,0,0,0,0,0,0,0,0,0,0,0,0,0,0,0,0,0,0,0,0,0,0,0,0,0,0,0,0,0,0,0,0,0,0,0,0,0,0,0,0,0,0,0,0,0,0,0,0,0,0,0,0,0,0,0,0,0,0,0,0,0,0,0,0,0,0,0,0,0,0,0,0,0,0,0,0,0,0,0,0,0,0,0,0,0,0,0,0,0,0,0,0,0,0,0,0,0,0,0,0,0,0,0,0,0,0,0,0,0,0,0,0,0,0,0,0,0,0,0,0,0,0,0,0,0,0,0,0,0,0,0,0,0,0,0,0,0,0,0,0,0,0,0,0,0,0,0,50,50,0,0,0,0,0,0,0,0,0,0,0,0,0,0,0,0,0,0,0,0,0,0,0,0,0,0,0,0,0,0,0,0,0,0,0,0,0,0,0,0,0,0,0,0,0,0,0,0,0,0,0,0,0,0,0,0,0,0,0,0,0,0,0,0,0,0,0,0,0,0,0,0,0,0,0,0,0,0,0,0,0,0,0,0,0,0,0,0,0,0,0,0,0,0,0,0,0,0,0,0,0,0,0,0,0,0,0,0,0,0,0,0,0,0,0,0,0,0,0,0,0,0,0,0,0,0,0,0,0,0,0,0,0,0,0,0,0,0,0,0,0,0,0,0,0,0,0,0,0,0,0,0,0,0,0,0,0,0,0,0,0,0,50
短控制列表2:
45,0,0,0,0,0,0,0,0,0,0,0,0,0,0,0,0,0,0,0,0,0,0,0,0,0,0,0,0,0,0,0,0,0,0,0,0,0,0,0,0,0,0,0,0,0,0,0,0,0,0,0,0,0,0,0,0,0,0,0,0,0,0,0,0,0,0,0,0,0,0,0,0,0,0,0,0,0,0,0,0,0,0,0,0,0,0,0,0,0,0,0,0,0,0,0,0,0,0,0,0,0,0,0,0,0,0,0,0,0,0,0,0,0,0,0,0,0,0,0,0,0,0,0,0,0,0,0,0,0,0,0,0,0,0,0,0,0,0,0,0,0,0,0,0,0,0,0,0,0,0,0,0,0,0,0,0,0,0,0,0,0,0,0,0,0,0,0,0,0,0,0,0,0,0,0,0,0,0,0,0,0,0,0,0,0,0,0,0,0,0,45,45,0,0,0,0,0,0,0,0,0,0,0,0,0,0,0,0,0,0,0,0,0,0,0,0,0,0,0,0,0,0,0,0,0,0,0,0,0,0,0,0,0,0,0,0,0,0,0,0,0,0,0,0,0,0,0,0,0,0,0,0,0,0,0,0,0,0,0,0,0,0,0,0,0,0,0,0,0,0,0,0,0,0,0,0,0,0,0,0,0,0,0,0,0,0,0,0,0,0,0,0,0,0,0,0,0,0,0,0,0,0,0,0,0,0,0,0,0,0,0,0,0,0,0,0,0,0,0,0,0,0,0,0,0,0,0,0,0,0,0,0,0,0,0,0,0,0,0,0,0,0,0,0,0,0,0,0,0,0,0,0,0,0,45
短控制列表3:
10,0,0,0,0,0,0,0,0,0,0,0,0,0,0,0,0,0,0,0,0,0,0,0,0,0,0,0,0,0,0,0,0,0,0,0,0,0,0,0,0,0,0,0,0,0,0,0,0,0,0,0,0,0,0,0,0,0,0,0,0,0,0,0,0,0,0,0,0,0,0,0,0,0,0,0,0,0,0,0,0,0,0,0,0,0,0,0,0,0,0,0,0,0,0,0,0,0,0,0,0,0,0,0,0,0,0,0,0,0,0,0,0,0,0,0,0,0,0,0,0,0,0,0,0,0,0,0,0,0,0,0,0,0,0,0,0,0,0,0,0,0,0,0,0,0,0,0,0,0,0,0,0,0,0,0,0,0,0,0,0,0,0,0,0,0,0,0,0,0,0,0,0,0,0,0,0,0,0,0,0,0,0,0,0,0,0,0,0,0,0,10,10,0,0,0,0,0,0,0,0,0,0,0,0,0,0,0,0,0,0,0,0,0,0,0,0,0,0,0,0,0,0,0,0,0,0,0,0,0,0,0,0,0,0,0,0,0,0,0,0,0,0,0,0,0,0,0,0,0,0,0,0,0,0,0,0,0,0,0,0,0,0,0,0,0,0,0,0,0,0,0,0,0,0,0,0,0,0,0,0,0,0,0,0,0,0,0,0,0,0,0,0,0,0,0,0,0,0,0,0,0,0,0,0,0,0,0,0,0,0,0,0,0,0,0,0,0,0,0,0,0,0,0,0,0,0,0,0,0,0,0,0,0,0,0,0,0,0,0,0,0,0,0,0,0,0,0,0,0,0,0,0,0,0,10
短控制列表4:
65,0,0,0,0,0,0,0,0,0,0,0,0,0,0,0,0,0,0,0,0,0,0,0,0,0,0,0,0,0,0,0,0,0,0,0,0,0,0,0,0,0,0,0,0,0,0,0,0,0,0,0,0,0,0,0,0,0,0,0,0,0,0,0,0,0,0,0,0,0,0,0,0,0,0,0,0,0,0,0,0,0,0,0,0,0,0,0,0,0,0,0,0,0,0,0,0,0,0,0,0,0,0,0,0,0,0,0,0,0,0,0,0,0,0,0,0,0,0,0,0,0,0,0,0,0,0,0,0,0,0,0,0,0,0,0,0,0,0,0,0,0,0,0,0,0,0,0,0,0,0,0,0,0,0,0,0,0,0,0,0,0,0,0,0,0,0,0,0,0,0,0,0,0,0,0,0,0,0,0,0,0,0,0,0,0,0,0,0,0,0,65,65,0,0,0,0,0,0,0,0,0,0,0,0,0,0,0,0,0,0,0,0,0,0,0,0,0,0,0,0,0,0,0,0,0,0,0,0,0,0,0,0,0,0,0,0,0,0,0,0,0,0,0,0,0,0,0,0,0,0,0,0,0,0,0,0,0,0,0,0,0,0,0,0,0,0,0,0,0,0,0,0,0,0,0,0,0,0,0,0,0,0,0,0,0,0,0,0,0,0,0,0,0,0,0,0,0,0,0,0,0,0,0,0,0,0,0,0,0,0,0,0,0,0,0,0,0,0,0,0,0,0,0,0,0,0,0,0,0,0,0,0,0,0,0,0,0,0,0,0,0,0,0,0,0,0,0,0,0,0,0,0,0,0,65
加长控制列表:
0,0,0,0,0,0,0,0,0,0,0,0,0,0,0,0,0,0,0,0,0,0,0,0,0,0,0,0,0,0,0,0,0,0,0,0,0,0,0,0,0,0,0,0,0,0,0,0,0,0,0,0,0,0,0,0,0,0,0,0,0,0,0,0,0,0,0,0,0,0,0,0,0,0,0,0,0,0,0,0,0,0,0,0,0,0,0,0,0,0,0,0,0,0,0,0,0,0,0,0,0,0,0,0,0,0,0,0,0,0,0,0,0,0,0,0,0,0,0,0,0,0,0,0,0,0,0,0,0,0,0,0,0,0,0,0,0,0,0,0,0,0,0,0,0,0,0,0,0,0,0,0,0,0,0,0,0,0,0,0,0,0,0,0,0,0,0,0,0,0,0,0,0,0,0,0,0,0,0,0,0,0,0,0,0,0,0,0,0,0,0,0,0,0,0,0,0,0,0,0,0,0,0,0,0,0,0,0,0,0,0,0,0,0,0,0,0,0,0,0,0,0,0,0,0,0,0,0,0,0,0,0,0,0,0,0,0,0,0,0,0,0,0,0,0,0,0,0,0,0,0,0,0,0,0,0,0,0,0,0,0,0,0,0,0,0,0,0,0,0,0,0,0,0,0,0,0,0,0,0,0,0,0,0,0,0,0,0,0,0,0,0,0,0,0,0,0,0,0,0,0,0,0,0,0,0,0,0,0,0,0,0,0,0,0,0,0,0,0,0,0,0,0,0,0,0,0,0,0,0,0,0,0,0,0,0,0,0,0,0,0,0,0,0,0,0,0,0,0,0,0,0,0,0,0,0,65,0,0,0,0,0,0,0,0,0,0,0,0,0,0,0,0,0,0,0,0,0,0,0,0,0,0,0,0,0,0,0,0,0,0,0,0,0,0,0,0,0,0,0,0,0,0,0,0,0,0,0,0,0,0,0,0,0,0,0,0,0,0,0,0,0,0,0,0,0,0,0,0,0,0,0,0,0,0,0,0,0,0,0,0,0,0,0,0,0,0,0,0,0,0,0,0,0,0,0,0,0,0,0,0,0,0,0,0,0,0,0,0,0,0,0,0,0,0,0,0,0,0,0,0,0,0,0,0,0,0,0,0,0,0,0,0,0,0,0,0,0,0,0,0,0,0,0,0,0,0,0,0,0,0,0,0,0,0,0,0,0,0,0,0,0,0,0,0,0,0,0,0,0,0,0,0,0,0,0,0,0,0,0,0,0,0,0,0,0,0,65,65,0,0,0,0,0,0,0,0,0,0,0,0,0,0,0,0,0,0,0,0,0,0,0,0,0,0,0,0,0,0,0,0,0,0,0,0,0,0,0,0,0,0,0,0,0,0,0,0,0,0,0,0,0,0,0,0,0,0,0,0,0,0,0,0,0,0,0,0,0,0,0,0,0,0,0,0,0,0,0,0,0,0,0,0,0,0,0,0,0,0,0,0,0,0,0,0,0,0,0,0,0,0,0,0,0,0,0,0,0,0,0,0,0,0,0,0,0,0,0,0,0,0,0,0,0,0,0,0,0,0,0,0,0,0,0,0,0,0,0,0,0,0,0,0,0,0,0,0,0,0,0,0,0,0,0,0,0,0,0,0,0,0,65
