8584.99000	9245.88400
8553.00000	9275.40000
8516.80000	9308.60000
8480.40000	9341.70000
8443.90000	9374.60000
8407.20000	9407.40000
8370.40000	9440.00000
8333.50000	9472.50000
8296.50000	9504.90000
8259.29900	9537.10000
8222.09900	9569.10000
8184.70000	9601.10000
8109.50000	9664.50000
8071.70000	9695.90100
8033.80000	9727.30000
7995.80000	9758.40000
7957.60000	9789.50000
7919.40000	9820.40000
7880.99900	9851.10000
7842.50000	9881.70000
7803.90000	9912.10000
7765.10000	9942.40000
7726.20000	9972.50000
7687.30000	10002.50000
7648.20000	10032.30000
7609.00000	10062.00000
7569.60000	10091.50000
7530.20000	10120.90000
7490.60000	10150.10000
7451.00000	10179.20000
7411.20000	10208.10000
7371.30000	10236.80000
7331.30000	10265.40000
7291.20000	10293.80000
7251.00100	10322.10000
7210.60000	10350.20000
7170.20000	10378.20000
7129.60000	10406.00000
7088.90000	10433.60000
7048.20000	10461.10000
7007.30000	10488.50000
6966.30000	10515.60000
6925.20000	10542.60000
6884.00000	10569.50100
6842.70000	10596.20000
6801.30000	10622.70000
6759.80000	10649.10000
6718.20000	10675.30000
6676.50000	10701.30000
6634.70000	10727.20000
6592.79900	10752.90000
6550.70000	10778.50000
6508.60000	10803.80000
6466.40100	10829.10000
6424.10000	10854.10000
6381.70000	10879.00000
6339.20000	10903.70000
6296.60000	10928.30000
6253.90000	10952.70000
6211.10000	10976.90000
6168.20000	11001.00000
6125.20000	11024.90000
6082.20000	11048.60000
6039.00000	11072.10000
5995.70000	11095.50000
5952.40000	11118.70000
5909.00000	11141.80000
5865.40000	11164.70100
5821.80000	11187.40000
5778.10000	11209.90000
5734.30000	11232.30000
5690.40000	11254.50000
5646.50000	11276.50000
5602.40000	11298.30000
5558.30000	11320.00000
5514.10000	11341.50000
5469.80000	11362.90100
5425.40000	11384.00000
5380.90000	11405.00000
5336.40000	11425.80000
5291.70000	11446.50000
5247.00000	11466.90000
5202.20000	11487.20000
5157.40000	11507.30000
5112.40000	11527.30000
5067.40000	11547.10000
5022.30000	11566.60000
4977.10000	11586.09900
4931.90000	11605.30000
4886.50100	11624.40000
4795.70000	11662.00000
4750.10000	11680.50000
4704.50000	11698.80000
4658.80000	11717.00000
4613.00000	11735.00000
4567.20000	11752.80000
4521.30000	11770.50000
4475.30000	11787.90000
4429.29900	11805.20000
4383.20000	11822.30000
4337.00000	11839.20000
4290.80000	11855.90000
4244.50000	11872.50000
4198.10000	11888.90000
4151.70000	11905.09900
4105.20000	11921.10000
4058.60000	11936.90000
4012.00000	11952.60000
3965.40100	11968.00000
3918.60000	11983.30000
3871.79900	11998.40000
3825.00000	12013.30000
3778.10000	12028.10100
3731.10000	12042.60100
3684.10000	12057.00000
3637.00000	12071.20000
3589.80000	12085.20000
3542.70000	12098.99900
3495.40000	12112.70000
3448.10000	12126.10000
3400.80000	12139.40000
3353.40000	12152.50000
3305.90000	12165.40000
3258.40000	12178.10000
3210.90000	12190.59900
3163.30000	12202.90000
3115.60000	12215.10000
3067.90000	12227.10000
3020.20000	12238.80000
2972.40000	12250.39900
2924.60000	12261.80000
2876.70000	12273.10000
2828.80000	12284.09900
2780.80000	12295.00000
2732.80000	12305.60000
2684.80000	12316.10000
2636.70000	12326.40000
2588.60000	12336.50000
2540.40000	12346.40000
2492.20000	12356.10000
2443.90000	12365.60000
2395.70000	12374.99900
2347.40000	12384.10000
2299.00000	12393.10000
2250.60000	12401.90000
2202.20000	12410.50000
2153.80000	12418.89900
2105.30000	12427.10000
2056.80000	12435.10000
2008.20000	12443.00000
1959.60000	12450.60000
1910.99900	12458.10000
1862.40000	12465.30000
1813.70000	12472.40100
1765.10000	12479.30000
1716.30000	12486.00000
1667.60000	12492.50000
1618.80000	12498.80000
1570.00000	12504.90100
1521.20000	12510.90000
1472.40000	12516.60000
1423.50000	12522.20000
1374.70000	12527.50000
1325.80000	12532.70000
1276.80000	12537.70000
1227.90000	12542.50000
1178.90000	12547.10000
1130.00000	12551.50000
1081.00000	12555.70000
1032.00000	12559.70100
982.90100	12563.50000
933.90000	12567.20000
884.90100	12570.60000
835.80000	12573.90000
786.70000	12577.00000
737.60000	12579.80000
688.50000	12582.50000
639.40000	12585.00000
590.30000	12587.30000
541.20000	12589.40100
492.00000	12591.40000
442.90000	12593.09900
393.70000	12594.60000
344.60000	12596.00000
295.40000	12597.10000
246.30000	12598.10000
197.10000	12598.80000
147.90000	12599.40000
100.00000	12599.79000
100.00000	15529.78700
134.10000	15529.60000
188.69900	15529.10000
243.30000	15528.50000
297.90000	15527.60000
352.40000	15526.60000
407.00000	15525.30000
461.50000	15523.90000
516.10000	15522.20000
570.60000	15520.40100
625.20000	15518.39900
679.70000	15516.20000
734.20000	15513.80000
788.70000	15511.20000
843.20000	15508.40000
897.70000	15505.50000
952.20000	15502.30000
1006.70000	15499.00000
1061.10000	15495.40000
1115.60000	15491.70000
1170.00000	15487.70000
1224.39900	15483.60000
1278.79900	15479.30000
1333.20000	15474.80000
1387.60000	15470.10000
1441.90000	15465.20000
1496.30000	15460.20000
1550.60100	15454.90000
1604.90000	15449.40100
1659.20000	15443.80000
1713.40100	15438.00000
1767.70000	15431.90000
1821.90000	15425.70000
1876.10000	15419.30000
1930.30000	15412.70000
1984.40000	15405.89900
2038.50000	15398.90000
2092.60000	15391.80000
2146.70000	15384.40000
2200.79900	15376.80000
2254.80000	15369.10000
2308.80000	15361.20000
2362.80000	15353.10000
2416.70000	15344.70000
2470.60000	15336.20000
2524.50000	15327.59900
2578.30000	15318.70000
2632.10000	15309.60000
2685.90000	15300.40000
2739.70000	15290.90000
2793.40000	15281.29900
2847.10000	15271.50000
2900.70000	15261.39900
2954.30000	15251.20000
3007.90000	15240.90000
3061.40000	15230.29900
3114.90000	15219.50000
3168.40000	15208.60000
3221.80000	15197.40100
3275.20000	15186.10000
3328.60000	15174.60100
3381.90000	15162.90000
3435.10000	15151.00000
3488.40000	15138.90000
3541.50000	15126.59900
3594.70000	15114.20000
3647.80000	15101.60000
3700.80000	15088.70000
3753.80000	15075.70000
3806.80000	15062.49900
3859.70000	15049.10000
3912.50000	15035.60000
3965.30000	15021.80000
4018.10000	15007.90000
4070.80000	14993.80000
4123.50000	14979.40000
4176.10000	14965.00000
4228.70000	14950.30000
4281.20000	14935.40100
4333.60000	14920.40000
4386.00000	14905.10000
4438.40000	14889.70000
4490.70000	14874.10000
4542.90000	14858.30000
4595.10000	14842.40000
4647.20000	14826.20100
4699.30000	14809.90000
4751.30000	14793.40000
4803.30000	14776.70000
4855.20000	14759.80000
4907.00000	14742.70000
4958.80000	14725.49900
5010.49900	14708.00000
5062.20000	14690.40000
5113.70000	14672.60000
5165.30000	14654.70000
5216.70000	14636.50000
5268.10000	14618.20000
5319.50000	14599.70000
5370.70000	14581.00000
5422.00000	14562.10000
5473.10000	14542.99900
5524.20000	14523.80000
5575.20000	14504.40100
5626.10000	14484.80000
5677.00000	14465.00000
5727.80000	14445.10000
5778.49900	14424.90000
5829.10000	14404.60000
5879.70000	14384.10000
5930.20000	14363.50000
5980.70000	14342.60000
6031.00000	14321.60000
6081.30000	14300.40000
6131.50000	14279.10000
6181.70000	14257.50000
6231.80000	14235.80000
6281.70000	14213.90000
6331.60100	14191.80000
6381.50000	14169.60000
6431.20000	14147.10000
6480.90000	14124.50000
6530.50000	14101.80000
6580.00000	14078.80000
6629.50000	14055.70000
6678.80000	14032.40000
6728.10000	14008.90000
6777.30100	13985.30000
6826.40000	13961.50000
6875.40000	13937.50000
6924.30000	13913.30000
6973.20000	13889.00000
7021.89900	13864.50000
7070.60000	13839.80000
7119.20000	13815.00000
7167.70000	13790.00000
7216.10000	13764.80000
7264.40000	13739.40000
7312.70000	13713.90000
7360.80000	13688.20000
7408.90000	13662.30000
7456.90000	13636.30000
7504.70100	13610.10000
7552.50000	13583.70000
7600.20000	13557.20000
7647.80000	13530.50000
7695.30000	13503.60000
7742.70000	13476.60000
7790.00000	13449.40000
7837.20000	13422.00000
7884.30000	13394.50000
7931.40000	13366.80000
7978.30000	13338.90000
8025.10000	13310.90000
8071.80000	13282.70000
8118.50000	13254.30000
8165.00000	13225.80000
8211.40000	13197.10000
8257.70000	13168.30000
8304.00000	13139.30000
8350.10000	13110.10000
8396.10000	13080.70000
8442.00000	13051.30000
8487.80000	13021.60000
8533.50000	12991.80000
8579.10000	12961.80000
8624.60000	12931.70000
8670.00100	12901.40000
8715.30000	12870.90000
8760.50000	12840.30000
8805.50000	12809.50000
8850.50000	12778.60000
8895.40000	12747.50000
8940.10000	12716.20000
8984.70100	12684.80000
9029.20000	12653.30000
9073.70000	12621.50000
9118.00000	12589.70000
9162.09900	12557.60000
9206.20000	12525.40000
9250.20000	12493.10000
9294.00000	12460.60000
9337.70000	12428.00000
9381.40000	12395.20000
9424.90000	12362.19900
9468.20000	12329.10000
9511.50000	12295.80000
9554.70000	12262.40000
9597.70000	12228.90000
9640.60000	12195.10000
9683.40000	12161.30000
9726.10100	12127.30000
9768.60100	12093.10000
9811.10000	12058.80000
9853.40000	12024.30000
9895.60000	11989.70000
9937.60000	11954.90000
9979.60000	11920.00000
10021.40000	11885.00000
10063.10100	11849.80000
10104.70000	11814.40000
10146.20000	11778.90000
10187.50000	11743.30000
10228.70000	11707.50000
10269.80000	11671.60000
10310.70000	11635.50000
10351.60000	11599.30000
10392.19900	11562.90000
10432.80000	11526.40100
10473.30000	11489.80000
10513.60000	11453.00000
10553.80000	11416.10000
10593.80000	11379.00000
10633.70000	11341.80000
10658.03700	11318.93000