顶点列表:
12831.450,13831.755;12795.300,13865.200;12751.000,13905.900;12706.501,13946.400;12661.900,13986.800;12617.200,14027.101;12572.400,14067.200;12527.500,14107.101;12482.400,14147.001;12437.200,14186.600;12391.801,14226.200;12346.400,14265.600;12300.800,14304.801;12255.101,14343.900;12209.300,14382.900;12163.300,14421.700;12117.200,14460.300;12071.000,14498.800;12024.700,14537.200;11978.200,14575.400;11931.700,14613.500;11885.000,14651.400;11838.200,14689.200;11791.200,14726.800;11744.200,14764.300;11697.000,14801.600;11649.700,14838.800;11602.300,14875.800;11554.800,14912.700;11507.100,14949.400;11459.400,14985.900;11411.499,15022.400;11363.500,15058.600;11315.400,15094.700;11267.101,15130.700;11218.800,15166.500;11170.400,15202.100;11121.800,15237.600;11073.100,15272.900;11024.300,15308.100;10975.400,15343.100;10926.400,15378.000;10877.300,15412.700;10828.000,15447.300;10778.700,15481.600;10729.200,15515.901;10679.700,15550.000;10630.000,15583.900;10580.200,15617.599;10530.300,15651.200;10480.300,15684.700;10430.200,15718.000;10380.000,15751.100;10329.700,15784.100;10279.300,15816.900;10228.700,15849.499;10178.100,15882.000;10127.400,15914.300;10076.500,15946.500;10025.600,15978.500;9974.600,16010.300;9923.400,16042.000;9872.200,16073.500;9820.800,16104.800;9769.400,16136.000;9717.900,16167.000;9666.200,16197.800;9614.500,16228.500;9562.600,16259.000;9510.700,16289.400;9458.700,16319.600;9406.600,16349.600;9354.300,16379.400;9302.000,16409.099;9249.600,16438.700;9197.101,16468.000;9144.500,16497.200;9091.800,16526.200;9039.000,16555.100;8986.200,16583.700;8933.200,16612.200;8880.200,16640.600;8826.999,16668.800;8773.800,16696.800;8720.400,16724.600;8667.000,16752.300;8613.500,16779.800;8559.900,16807.100;8506.300,16834.200;8452.500,16861.199;8398.700,16888.000;8344.700,16914.600;8290.700,16941.100;8236.600,16967.401;8182.400,16993.500;8128.100,17019.500;8073.801,17045.200;8019.400,17070.800;7964.799,17096.200;7910.300,17121.500;7855.599,17146.600;7800.800,17171.500;7746.000,17196.200;7691.100,17220.800;7636.100,17245.100;7581.000,17269.300;7525.900,17293.300;7470.600,17317.200;7415.400,17340.900;7360.000,17364.400;7304.500,17387.700;7249.000,17410.800;7193.400,17433.800;7137.700,17456.600;7082.000,17479.200;7026.200,17501.600;6970.300,17523.900;6914.400,17545.899;6858.300,17567.800;6802.200,17589.500;6746.100,17611.100;6689.800,17632.400;6633.500,17653.600;6577.201,17674.600;6520.700,17695.400;6464.200,17716.099;6407.700,17736.500;6351.000,17756.800;6294.300,17776.900;6237.601,17796.800;6180.800,17816.600;6123.900,17836.100;6066.900,17855.501;6009.900,17874.700;5952.900,17893.700;5895.700,17912.500;5838.500,17931.100;5781.300,17949.600;5724.000,17967.899;5666.600,17986.000;5609.200,18003.900;5551.700,18021.601;5494.200,18039.200;5436.600,18056.501;5378.900,18073.700;5321.200,18090.701;5263.500,18107.500;5205.700,18124.100;5147.800,18140.600;5089.901,18156.800;5031.900,18172.900;4973.900,18188.800;4915.800,18204.500;4857.699,18220.000;4799.600,18235.300;4741.400,18250.500;4683.100,18265.400;4624.800,18280.200;4566.400,18294.800;4508.000,18309.200;4449.600,18323.400;4391.100,18337.400;4332.499,18351.200;4274.000,18364.900;4215.300,18378.400;4156.700,18391.600;4098.000,18404.700;4039.200,18417.600;3980.400,18430.300;3921.600,18442.900;3862.700,18455.200;3803.800,18467.400;3744.800,18479.300;3685.900,18491.100;3626.800,18502.700;3567.800,18514.100;3508.700,18525.300;3449.500,18536.300;3390.400,18547.200;3331.200,18557.800;3271.900,18568.300;3212.700,18578.500;3153.400,18588.600;3094.000,18598.500;3034.700,18608.200;2975.300,18617.700;2915.900,18627.000;2856.401,18636.200;2796.900,18645.100;2737.400,18653.800;2677.900,18662.400;2618.300,18670.800;2558.700,18679.000;2499.100,18686.900;2439.400,18694.701;2379.800,18702.400;2320.100,18709.800;2260.400,18717.000;2200.600,18724.000;2140.900,18730.900;2081.100,18737.500;2021.300,18744.000;1961.500,18750.300;1901.600,18756.400;1841.800,18762.300;1781.900,18768.000;1722.000,18773.500;1662.100,18778.800;1602.100,18783.900;1542.200,18788.900;1482.200,18793.600;1422.200,18798.200;1362.200,18802.500;1302.200,18806.700;1242.200,18810.700;1182.200,18814.501;1122.100,18818.100;1062.100,18821.500;1002.000,18824.700;941.900,18827.700;881.900,18830.500;821.800,18833.200;761.700,18835.600;701.600,18837.900;641.401,18839.900;581.300,18841.800;521.200,18843.500;461.100,18845.000;400.900,18846.300;340.800,18847.400;280.600,18848.300;220.500,18849.000;160.300,18849.500;100.200,18849.901;100.000,18849.900;100.000,21779.867;121.900,21779.800;186.500,21779.400;251.100,21778.800;315.700,21778.100;380.300,21777.100;444.900,21776.000;509.500,21774.600;574.100,21773.100;638.700,21771.400;703.300,21769.400;767.900,21767.300;832.500,21765.000;897.000,21762.500;961.600,21759.900;1026.100,21757.000;1090.700,21753.900;1155.201,21750.700;1219.700,21747.200;1284.200,21743.600;1348.700,21739.700;1413.200,21735.699;1477.700,21731.500;1542.100,21727.100;1606.600,21722.500;1671.000,21717.700;1735.400,21712.700;1799.900,21707.600;1864.200,21702.200;1928.600,21696.700;1993.001,21690.900;2057.301,21685.000;2121.600,21678.900;2185.900,21672.500;2250.200,21666.001;2314.500,21659.300;2378.700,21652.500;2442.900,21645.401;2507.100,21638.100;2571.300,21630.700;2635.500,21623.000;2699.600,21615.200;2763.700,21607.100;2827.800,21598.900;2891.899,21590.500;2955.900,21581.900;3019.900,21573.100;3083.900,21564.100;3147.900,21555.000;3211.800,21545.600;3275.700,21536.100;3339.600,21526.300;3403.400,21516.400;3467.200,21506.301;3531.000,21496.000;3594.800,21485.500;3658.500,21474.800;3722.200,21463.900;3785.800,21452.900;3849.500,21441.600;3913.100,21430.200;3976.600,21418.500;4040.100,21406.700;4103.600,21394.700;4167.100,21382.500;4230.500,21370.100;4293.900,21357.600;4357.200,21344.800;4420.500,21331.900;4483.800,21318.700;4547.000,21305.400;4610.200,21291.900;4673.300,21278.200;4736.400,21264.300;4799.500,21250.300;4862.500,21236.001;4925.500,21221.600;4988.400,21206.900;5051.300,21192.100;5114.200,21177.100;5177.000,21161.900;5239.700,21146.500;5302.400,21131.000;5365.100,21115.200;5427.700,21099.300;5490.300,21083.200;5552.800,21066.900;5615.300,21050.401;5677.700,21033.699;5740.100,21016.800;5802.400,20999.800;5864.600,20982.600;5926.900,20965.100;5989.000,20947.500;6051.199,20929.800;6113.200,20911.800;6175.200,20893.600;6237.200,20875.300;6299.100,20856.800;6360.900,20838.100;6422.701,20819.200;6484.400,20800.100;6546.100,20780.900;6607.700,20761.400;6669.300,20741.800;6730.800,20722.000;6792.300,20702.000;6853.599,20681.800;6915.000,20661.500;6976.200,20641.000;7037.401,20620.300;7098.600,20599.400;7159.601,20578.300;7220.700,20557.000;7281.600,20535.600;7342.499,20514.000;7403.300,20492.201;7464.100,20470.200;7524.800,20448.000;7585.400,20425.700;7646.000,20403.200;7706.500,20380.500;7766.900,20357.600;7827.200,20334.600;7887.500,20311.300;7947.700,20287.900;8007.900,20264.300;8068.000,20240.500;8128.000,20216.600;8187.900,20192.500;8247.801,20168.200;8307.600,20143.699;8367.300,20119.000;8427.000,20094.200;8486.500,20069.199;8546.000,20044.000;8605.500,20018.600;8664.800,19993.100;8724.101,19967.400;8783.300,19941.500;8842.400,19915.400;8901.400,19889.100;8960.400,19862.700;9019.300,19836.100;9078.099,19809.400;9136.800,19782.400;9195.500,19755.300;9254.000,19728.000;9312.500,19700.500;9370.900,19672.900;9429.200,19645.100;9487.499,19617.100;9545.600,19588.900;9603.700,19560.600;9661.700,19532.099;9719.600,19503.400;9777.400,19474.600;9835.100,19445.600;9892.800,19416.400;9950.300,19387.000;10007.800,19357.500;10065.200,19327.800;10122.500,19297.900;10179.700,19267.900;10236.800,19237.700;10293.800,19207.300;10350.700,19176.800;10407.599,19146.000;10464.300,19115.200;10521.000,19084.100;10577.600,19052.900;10634.000,19021.500;10690.400,18989.900;10746.700,18958.200;10802.900,18926.300;10859.000,18894.300;10915.000,18862.000;10970.901,18829.700;11026.700,18797.100;11082.400,18764.400;11138.100,18731.500;11193.600,18698.400;11249.000,18665.200;11304.300,18631.900;11359.500,18598.300;11414.701,18564.600;11469.700,18530.701;11524.600,18496.700;11579.401,18462.500;11634.100,18428.100;11688.800,18393.600;11743.300,18358.900;11797.700,18324.099;11852.000,18289.101;11906.201,18253.900;11960.300,18218.600;12014.300,18183.100;12068.200,18147.500;12122.000,18111.700;12175.600,18075.700;12229.200,18039.600;12282.700,18003.300;12336.000,17966.801;12389.299,17930.200;12442.400,17893.500;12495.399,17856.600;12548.400,17819.500;12601.200,17782.300;12653.900,17744.900;12706.400,17707.300;12758.900,17669.600;12811.300,17631.800;12863.500,17593.800;12915.700,17555.600;12967.700,17517.301;13019.600,17478.800;13071.400,17440.200;13123.100,17401.400;13174.600,17362.500;13226.100,17323.400;13277.400,17284.200;13328.600,17244.800;13379.700,17205.201;13430.700,17165.500;13481.601,17125.700;13532.300,17085.700;13583.000,17045.600;13633.501,17005.300;13683.800,16964.800;13734.100,16924.200;13784.300,16883.500;13834.300,16842.600;13884.200,16801.500;13934.000,16760.400;13983.600,16719.000;14033.200,16677.500;14082.600,16635.900;14131.900,16594.100;14181.000,16552.199;14230.100,16510.100;14279.000,16467.900;14327.800,16425.600;14376.400,16383.100;14425.000,16340.400;14473.400,16297.600;14521.699,16254.700;14569.800,16211.600;14617.900,16168.400;14665.800,16125.000;14713.500,16081.500;14761.200,16037.900;14808.700,15994.100;14856.100,15950.200;14903.300,15906.100;14904.587,15904.892
短控制列表:
50,0,0,0,0,0,0,0,0,0,0,0,0,0,0,0,0,0,0,0,0,0,0,0,0,0,0,0,0,0,0,0,0,0,0,0,0,0,0,0,0,0,0,0,0,0,0,0,0,0,0,0,0,0,0,0,0,0,0,0,0,0,0,0,0,0,0,0,0,0,0,0,0,0,0,0,0,0,0,0,0,0,0,0,0,0,0,0,0,0,0,0,0,0,0,0,0,0,0,0,0,0,0,0,0,0,0,0,0,0,0,0,0,0,0,0,0,0,0,0,0,0,0,0,0,0,0,0,0,0,0,0,0,0,0,0,0,0,0,0,0,0,0,0,0,0,0,0,0,0,0,0,0,0,0,0,0,0,0,0,0,0,0,0,0,0,0,0,0,0,0,0,0,0,0,0,0,0,0,0,0,0,0,0,0,0,0,0,0,0,0,0,0,0,0,0,0,0,0,0,0,0,0,0,0,0,0,0,0,0,0,0,0,0,0,0,0,0,0,0,0,0,0,0,0,0,0,0,0,0,0,0,0,0,0,0,0,0,0,0,0,0,0,0,0,0,0,0,0,0,0,0,0,0,50,50,0,0,0,0,0,0,0,0,0,0,0,0,0,0,0,0,0,0,0,0,0,0,0,0,0,0,0,0,0,0,0,0,0,0,0,0,0,0,0,0,0,0,0,0,0,0,0,0,0,0,0,0,0,0,0,0,0,0,0,0,0,0,0,0,0,0,0,0,0,0,0,0,0,0,0,0,0,0,0,0,0,0,0,0,0,0,0,0,0,0,0,0,0,0,0,0,0,0,0,0,0,0,0,0,0,0,0,0,0,0,0,0,0,0,0,0,0,0,0,0,0,0,0,0,0,0,0,0,0,0,0,0,0,0,0,0,0,0,0,0,0,0,0,0,0,0,0,0,0,0,0,0,0,0,0,0,0,0,0,0,0,0,0,0,0,0,0,0,0,0,0,0,0,0,0,0,0,0,0,0,0,0,0,0,0,0,0,0,0,0,0,0,0,0,0,0,0,0,0,0,0,0,0,0,0,0,0,0,0,0,0,0,0,0,0,0,0,0,0,0,0,0,0,0,0,0,0,0,0,0,0,0,0,50
短控制列表2:
45,0,0,0,0,0,0,0,0,0,0,0,0,0,0,0,0,0,0,0,0,0,0,0,0,0,0,0,0,0,0,0,0,0,0,0,0,0,0,0,0,0,0,0,0,0,0,0,0,0,0,0,0,0,0,0,0,0,0,0,0,0,0,0,0,0,0,0,0,0,0,0,0,0,0,0,0,0,0,0,0,0,0,0,0,0,0,0,0,0,0,0,0,0,0,0,0,0,0,0,0,0,0,0,0,0,0,0,0,0,0,0,0,0,0,0,0,0,0,0,0,0,0,0,0,0,0,0,0,0,0,0,0,0,0,0,0,0,0,0,0,0,0,0,0,0,0,0,0,0,0,0,0,0,0,0,0,0,0,0,0,0,0,0,0,0,0,0,0,0,0,0,0,0,0,0,0,0,0,0,0,0,0,0,0,0,0,0,0,0,0,0,0,0,0,0,0,0,0,0,0,0,0,0,0,0,0,0,0,0,0,0,0,0,0,0,0,0,0,0,0,0,0,0,0,0,0,0,0,0,0,0,0,0,0,0,0,0,0,0,0,0,0,0,0,0,0,0,0,0,0,0,0,0,45,45,0,0,0,0,0,0,0,0,0,0,0,0,0,0,0,0,0,0,0,0,0,0,0,0,0,0,0,0,0,0,0,0,0,0,0,0,0,0,0,0,0,0,0,0,0,0,0,0,0,0,0,0,0,0,0,0,0,0,0,0,0,0,0,0,0,0,0,0,0,0,0,0,0,0,0,0,0,0,0,0,0,0,0,0,0,0,0,0,0,0,0,0,0,0,0,0,0,0,0,0,0,0,0,0,0,0,0,0,0,0,0,0,0,0,0,0,0,0,0,0,0,0,0,0,0,0,0,0,0,0,0,0,0,0,0,0,0,0,0,0,0,0,0,0,0,0,0,0,0,0,0,0,0,0,0,0,0,0,0,0,0,0,0,0,0,0,0,0,0,0,0,0,0,0,0,0,0,0,0,0,0,0,0,0,0,0,0,0,0,0,0,0,0,0,0,0,0,0,0,0,0,0,0,0,0,0,0,0,0,0,0,0,0,0,0,0,0,0,0,0,0,0,0,0,0,0,0,0,0,0,0,0,0,45
短控制列表3:
10,0,0,0,0,0,0,0,0,0,0,0,0,0,0,0,0,0,0,0,0,0,0,0,0,0,0,0,0,0,0,0,0,0,0,0,0,0,0,0,0,0,0,0,0,0,0,0,0,0,0,0,0,0,0,0,0,0,0,0,0,0,0,0,0,0,0,0,0,0,0,0,0,0,0,0,0,0,0,0,0,0,0,0,0,0,0,0,0,0,0,0,0,0,0,0,0,0,0,0,0,0,0,0,0,0,0,0,0,0,0,0,0,0,0,0,0,0,0,0,0,0,0,0,0,0,0,0,0,0,0,0,0,0,0,0,0,0,0,0,0,0,0,0,0,0,0,0,0,0,0,0,0,0,0,0,0,0,0,0,0,0,0,0,0,0,0,0,0,0,0,0,0,0,0,0,0,0,0,0,0,0,0,0,0,0,0,0,0,0,0,0,0,0,0,0,0,0,0,0,0,0,0,0,0,0,0,0,0,0,0,0,0,0,0,0,0,0,0,0,0,0,0,0,0,0,0,0,0,0,0,0,0,0,0,0,0,0,0,0,0,0,0,0,0,0,0,0,0,0,0,0,0,0,10,10,0,0,0,0,0,0,0,0,0,0,0,0,0,0,0,0,0,0,0,0,0,0,0,0,0,0,0,0,0,0,0,0,0,0,0,0,0,0,0,0,0,0,0,0,0,0,0,0,0,0,0,0,0,0,0,0,0,0,0,0,0,0,0,0,0,0,0,0,0,0,0,0,0,0,0,0,0,0,0,0,0,0,0,0,0,0,0,0,0,0,0,0,0,0,0,0,0,0,0,0,0,0,0,0,0,0,0,0,0,0,0,0,0,0,0,0,0,0,0,0,0,0,0,0,0,0,0,0,0,0,0,0,0,0,0,0,0,0,0,0,0,0,0,0,0,0,0,0,0,0,0,0,0,0,0,0,0,0,0,0,0,0,0,0,0,0,0,0,0,0,0,0,0,0,0,0,0,0,0,0,0,0,0,0,0,0,0,0,0,0,0,0,0,0,0,0,0,0,0,0,0,0,0,0,0,0,0,0,0,0,0,0,0,0,0,0,0,0,0,0,0,0,0,0,0,0,0,0,0,0,0,0,0,10
短控制列表4:
65,0,0,0,0,0,0,0,0,0,0,0,0,0,0,0,0,0,0,0,0,0,0,0,0,0,0,0,0,0,0,0,0,0,0,0,0,0,0,0,0,0,0,0,0,0,0,0,0,0,0,0,0,0,0,0,0,0,0,0,0,0,0,0,0,0,0,0,0,0,0,0,0,0,0,0,0,0,0,0,0,0,0,0,0,0,0,0,0,0,0,0,0,0,0,0,0,0,0,0,0,0,0,0,0,0,0,0,0,0,0,0,0,0,0,0,0,0,0,0,0,0,0,0,0,0,0,0,0,0,0,0,0,0,0,0,0,0,0,0,0,0,0,0,0,0,0,0,0,0,0,0,0,0,0,0,0,0,0,0,0,0,0,0,0,0,0,0,0,0,0,0,0,0,0,0,0,0,0,0,0,0,0,0,0,0,0,0,0,0,0,0,0,0,0,0,0,0,0,0,0,0,0,0,0,0,0,0,0,0,0,0,0,0,0,0,0,0,0,0,0,0,0,0,0,0,0,0,0,0,0,0,0,0,0,0,0,0,0,0,0,0,0,0,0,0,0,0,0,0,0,0,0,0,65,65,0,0,0,0,0,0,0,0,0,0,0,0,0,0,0,0,0,0,0,0,0,0,0,0,0,0,0,0,0,0,0,0,0,0,0,0,0,0,0,0,0,0,0,0,0,0,0,0,0,0,0,0,0,0,0,0,0,0,0,0,0,0,0,0,0,0,0,0,0,0,0,0,0,0,0,0,0,0,0,0,0,0,0,0,0,0,0,0,0,0,0,0,0,0,0,0,0,0,0,0,0,0,0,0,0,0,0,0,0,0,0,0,0,0,0,0,0,0,0,0,0,0,0,0,0,0,0,0,0,0,0,0,0,0,0,0,0,0,0,0,0,0,0,0,0,0,0,0,0,0,0,0,0,0,0,0,0,0,0,0,0,0,0,0,0,0,0,0,0,0,0,0,0,0,0,0,0,0,0,0,0,0,0,0,0,0,0,0,0,0,0,0,0,0,0,0,0,0,0,0,0,0,0,0,0,0,0,0,0,0,0,0,0,0,0,0,0,0,0,0,0,0,0,0,0,0,0,0,0,0,0,0,0,65
加长控制列表:
0,0,0,0,0,0,0,0,0,0,0,0,0,0,0,0,0,0,0,0,0,0,0,0,0,0,0,0,0,0,0,0,0,0,0,0,0,0,0,0,0,0,0,0,0,0,0,0,0,0,0,0,0,0,0,0,0,0,0,0,0,0,0,0,0,0,0,0,0,0,0,0,0,0,0,0,0,0,0,0,0,0,0,0,0,0,0,0,0,0,0,0,0,0,0,0,0,0,0,0,0,0,0,0,0,0,0,0,0,0,0,0,0,0,0,0,0,0,0,0,0,0,0,0,0,0,0,0,0,0,0,0,0,0,0,0,0,0,0,0,0,0,0,0,0,0,0,0,0,0,0,0,0,0,0,0,0,0,0,0,0,0,0,0,0,0,0,0,0,0,0,0,0,0,0,0,0,0,0,0,0,0,0,0,0,0,0,0,0,0,0,0,0,0,0,0,0,0,0,0,0,0,0,0,0,0,0,0,0,0,0,0,0,0,0,0,0,0,0,0,0,0,0,0,0,0,0,0,0,0,0,0,0,0,0,0,0,0,0,0,0,0,0,0,0,0,0,0,0,0,0,0,0,0,0,0,0,0,0,0,0,0,0,0,0,0,0,0,0,0,0,0,0,0,0,0,0,0,0,0,0,0,0,0,0,0,0,0,0,0,0,0,0,0,0,0,0,0,0,0,0,0,0,0,0,0,0,0,0,0,0,0,0,0,0,0,0,0,0,0,0,0,0,0,0,0,0,0,0,0,0,0,0,0,0,0,0,0,0,0,0,0,0,0,0,0,0,0,0,0,0,0,0,0,0,0,0,0,0,0,0,0,0,0,0,0,0,0,0,0,0,0,0,0,0,0,0,0,0,0,0,0,0,0,0,0,0,0,0,0,0,0,0,0,0,0,0,0,0,0,0,0,0,0,0,0,0,0,0,0,0,0,0,0,0,0,0,0,0,0,0,0,0,0,0,0,0,0,0,0,0,0,0,0,0,0,0,0,0,0,0,0,0,0,0,0,0,0,0,0,0,0,0,0,0,0,0,0,0,0,0,0,0,0,0,0,0,0,0,0,0,0,0,0,0,0,0,0,0,0,0,0,0,0,0,0,0,0,0,0,65,0,0,0,0,0,0,0,0,0,0,0,0,0,0,0,0,0,0,0,0,0,0,0,0,0,0,0,0,0,0,0,0,0,0,0,0,0,0,0,0,0,0,0,0,0,0,0,0,0,0,0,0,0,0,0,0,0,0,0,0,0,0,0,0,0,0,0,0,0,0,0,0,0,0,0,0,0,0,0,0,0,0,0,0,0,0,0,0,0,0,0,0,0,0,0,0,0,0,0,0,0,0,0,0,0,0,0,0,0,0,0,0,0,0,0,0,0,0,0,0,0,0,0,0,0,0,0,0,0,0,0,0,0,0,0,0,0,0,0,0,0,0,0,0,0,0,0,0,0,0,0,0,0,0,0,0,0,0,0,0,0,0,0,0,0,0,0,0,0,0,0,0,0,0,0,0,0,0,0,0,0,0,0,0,0,0,0,0,0,0,0,0,0,0,0,0,0,0,0,0,0,0,0,0,0,0,0,0,0,0,0,0,0,0,0,0,0,0,0,0,0,0,0,0,0,0,0,0,0,0,0,0,0,0,0,0,0,0,0,0,0,0,0,0,0,0,0,0,0,0,0,0,0,65,65,0,0,0,0,0,0,0,0,0,0,0,0,0,0,0,0,0,0,0,0,0,0,0,0,0,0,0,0,0,0,0,0,0,0,0,0,0,0,0,0,0,0,0,0,0,0,0,0,0,0,0,0,0,0,0,0,0,0,0,0,0,0,0,0,0,0,0,0,0,0,0,0,0,0,0,0,0,0,0,0,0,0,0,0,0,0,0,0,0,0,0,0,0,0,0,0,0,0,0,0,0,0,0,0,0,0,0,0,0,0,0,0,0,0,0,0,0,0,0,0,0,0,0,0,0,0,0,0,0,0,0,0,0,0,0,0,0,0,0,0,0,0,0,0,0,0,0,0,0,0,0,0,0,0,0,0,0,0,0,0,0,0,0,0,0,0,0,0,0,0,0,0,0,0,0,0,0,0,0,0,0,0,0,0,0,0,0,0,0,0,0,0,0,0,0,0,0,0,0,0,0,0,0,0,0,0,0,0,0,0,0,0,0,0,0,0,0,0,0,0,0,0,0,0,0,0,0,0,0,0,0,0,0,65
