顶点列表:
-105.000,263.849;-2054.522,2213.372;-2047.996,2219.437;-2035.227,2231.109;-2022.571,2242.669;-2022.558,2242.681;-2022.528,2242.708;-2009.571,2254.269;-1996.587,2265.755;-1983.603,2277.141;-1970.416,2288.630;-1957.351,2299.800;-1944.079,2310.975;-1930.882,2322.073;-1917.613,2333.047;-1904.038,2344.126;-1890.559,2355.010;-1877.180,2365.693;-1863.505,2376.473;-1849.822,2387.159;-1836.158,2397.632;-1822.372,2408.121;-1808.486,2418.610;-1794.623,2428.883;-1780.637,2439.173;-1766.761,2449.255;-1752.583,2459.439;-1738.421,2469.412;-1724.327,2479.308;-1710.054,2489.189;-1695.687,2498.966;-1681.500,2508.558;-1666.933,2518.235;-1652.547,2527.726;-1637.973,2537.209;-1623.501,2546.491;-1608.827,2555.775;-1594.147,2564.962;-1579.381,2574.041;-1564.689,2583.036;-1549.728,2592.013;-1534.945,2600.802;-1519.970,2609.587;-1504.991,2618.275;-1489.926,2626.855;-1474.847,2635.343;-1459.769,2643.731;-1444.494,2652.117;-1429.326,2660.300;-1414.038,2668.493;-1398.672,2676.575;-1383.295,2684.563;-1368.029,2692.345;-1352.441,2700.239;-1336.975,2707.922;-1321.499,2715.511;-1305.934,2722.994;-1290.245,2730.488;-1274.479,2737.872;-1258.905,2745.060;-1243.127,2752.250;-1227.351,2759.339;-1211.485,2766.324;-1195.610,2773.213;-1179.734,2780.003;-1163.655,2786.794;-1147.783,2793.382;-1131.614,2799.970;-1115.643,2806.358;-1099.463,2812.750;-1083.403,2818.934;-1067.213,2825.130;-1050.948,2831.217;-1034.673,2837.208;-1018.398,2843.099;-1002.033,2848.886;-985.750,2854.580;-969.384,2860.168;-953.010,2865.659;-936.545,2871.048;-919.953,2876.445;-903.589,2881.634;-886.914,2886.826;-870.450,2891.815;-837.284,2901.605;-820.526,2906.392;-803.965,2910.982;-787.180,2915.578;-770.406,2920.070;-753.753,2924.358;-736.960,2928.656;-720.187,2932.849;-703.321,2936.941;-686.448,2940.934;-669.576,2944.828;-652.703,2948.622;-635.737,2952.314;-618.858,2955.910;-601.892,2959.403;-584.919,2962.797;-567.947,2966.092;-550.975,2969.286;-533.908,2972.380;-516.836,2975.375;-499.641,2978.374;-482.687,2981.166;-465.620,2983.861;-448.548,2986.457;-414.233,2991.445;-414.182,2991.452;-414.181,2991.452;-397.133,2993.745;-379.966,2995.940;-362.722,2998.133;-345.522,3000.133;-328.351,3002.030;-311.108,3003.924;-293.908,3005.624;-259.496,3008.816;-259.456,3008.819;-259.437,3008.821;-242.197,3010.216;-224.852,3011.612;-224.827,3011.614;-224.799,3011.616;-207.652,3012.812;-173.086,3015.010;-173.083,3015.010;-155.840,3015.907;-138.498,3016.804;-105.000,3018.159
短控制列表:
45,0,0,0,0,0,0,0,0,0,0,0,0,0,0,0,0,0,0,0,0,0,0,0,0,0,0,0,0,0,0,0,0,0,0,0,0,0,0,0,0,0,0,0,0,0,0,0,0,0,0,0,0,0,0,0,0,0,0,0,0,0,0,0,0,0,0,0,0,0,0,0,0,0,0,0,0,0,0,0,0,0,0,0,0,0,0,0,0,0,0,0,0,0,0,0,0,0,0,0,0,0,0,0,0,0,0,0,0,0,0,0,0,0,0,0,0,0,0,0,0,0,0,0,0,0,0,0,0,45,25
短控制列表2:
45,0,0,0,0,0,0,0,0,0,0,0,0,0,0,0,0,0,0,0,0,0,0,0,0,0,0,0,0,0,0,0,0,0,0,0,0,0,0,0,0,0,0,0,0,0,0,0,0,0,0,0,0,0,0,0,0,0,0,0,0,0,0,0,0,0,0,0,0,0,0,0,0,0,0,0,0,0,0,0,0,0,0,0,0,0,0,0,0,0,0,0,0,0,0,0,0,0,0,0,0,0,0,0,0,0,0,0,0,0,0,0,0,0,0,0,0,0,0,0,0,0,0,0,0,0,0,0,0,45,45
短控制列表3:
10,0,0,0,0,0,0,0,0,0,0,0,0,0,0,0,0,0,0,0,0,0,0,0,0,0,0,0,0,0,0,0,0,0,0,0,0,0,0,0,0,0,0,0,0,0,0,0,0,0,0,0,0,0,0,0,0,0,0,0,0,0,0,0,0,0,0,0,0,0,0,0,0,0,0,0,0,0,0,0,0,0,0,0,0,0,0,0,0,0,0,0,0,0,0,0,0,0,0,0,0,0,0,0,0,0,0,0,0,0,0,0,0,0,0,0,0,0,0,0,0,0,0,0,0,0,0,0,0,10,10
短控制列表4:
65,0,0,0,0,0,0,0,0,0,0,0,0,0,0,0,0,0,0,0,0,0,0,0,0,0,0,0,0,0,0,0,0,0,0,0,0,0,0,0,0,0,0,0,0,0,0,0,0,0,0,0,0,0,0,0,0,0,0,0,0,0,0,0,0,0,0,0,0,0,0,0,0,0,0,0,0,0,0,0,0,0,0,0,0,0,0,0,0,0,0,0,0,0,0,0,0,0,0,0,0,0,0,0,0,0,0,0,0,0,0,0,0,0,0,0,0,0,0,0,0,0,0,0,0,0,0,0,0,65,65
加长控制列表:
0,0,0,0,0,0,0,0,0,0,0,0,0,0,0,0,0,0,0,0,0,0,0,0,0,0,0,0,0,0,0,0,0,0,0,0,0,0,0,0,0,0,0,0,0,0,0,0,0,0,0,0,0,0,0,0,0,0,0,0,0,0,0,0,0,0,0,0,0,0,0,0,0,0,0,0,0,0,0,0,0,0,0,0,0,0,0,0,0,0,0,0,0,0,0,0,0,0,0,0,0,0,0,0,0,0,0,0,0,0,0,0,0,0,0,0,0,0,0,0,0,0,0,0,0,0,0,0,0,0,0,65,0,0,0,0,0,0,0,0,0,0,0,0,0,0,0,0,0,0,0,0,0,0,0,0,0,0,0,0,0,0,0,0,0,0,0,0,0,0,0,0,0,0,0,0,0,0,0,0,0,0,0,0,0,0,0,0,0,0,0,0,0,0,0,0,0,0,0,0,0,0,0,0,0,0,0,0,0,0,0,0,0,0,0,0,0,0,0,0,0,0,0,0,0,0,0,0,0,0,0,0,0,0,0,0,0,0,0,0,0,0,0,0,0,0,0,0,0,0,0,0,0,0,0,0,0,0,0,0,65,65
